#SPEC1DNAME,S/N,V,V_MC,Vpe,Vne,S,S_MC,Spe,Sne
#SPEC1DNAME,S/N,V,V_MC,Vpe,Vne,S,S_MC,Spe,Sne
#SPEC1DNAME,S/N,V,V_MC,Vpe,Vne,S,S_MC,Spe,Sne
spec1d.vdgc1.000.alg42.fits.gz,192.6,111.9,111.92,0.54,0.6,21.27,21.94,1.0,1.94
spec1d.vdgc1.001.alg115.fits.gz,55.9,-157.93,-158.52,3.63,4.24,22.13,23.74,7.0,9.53
spec1d.vdgc1.002.alg140.fits.gz,41.97,33.29,31.86,4.2,3.47,78.46,77.46,4.0,5.4
spec1d.vdgc1.003.alg164.fits.gz,82.91,55.1,55.3,2.41,2.49,211.48,212.97,3.0,2.21
spec1d.vdgc1.004.alg177.fits.gz,92.5,-165.18,-165.92,2.62,3.68,391.82,392.52,3.0,1.93
spec1d.vdgc1.005.alg191.fits.gz,218.86,-2.84,-3.0,0.66,0.61,147.9,148.39,1.0,0.57
spec1d.vdgc1.006.alg194.fits.gz,70.38,-140.83,-140.81,2.89,3.87,295.64,296.48,5.0,3.02
spec1d.vdgc1.007.nuc5.fits.gz,27.71,1842.74,1842.31,2.95,3.83,44.67,43.23,6.0,5.88
spec1d.vdgc1.008.nuc6.fits.gz,32.19,1385.37,1385.55,2.42,2.81,19.63,17.89,8.0,6.79
spec1d.vdgc1.009.nuc7.fits.gz,26.75,1687.26,1687.14,2.85,3.4,0.29,0.29,0.0,0.0
spec1d.vdgc1.009.serendip1.fits.gz,0.78,1734.3,1743.73,127.32,91.73,140.03,74.32,93.0,74.03
spec1d.vdgc1.010.gcA9.fits.gz,0.03,1842.8,1841.29,56.68,186.11,0.29,23.86,902.0,23.57
spec1d.vdgc1.011.gcA10.fits.gz,3.37,1740.72,1740.35,10.57,15.96,0.29,0.29,22.0,0.0
spec1d.vdgc1.012.gcA17.fits.gz,5.24,1855.54,1856.44,49.58,36.07,94.51,93.85,28.0,43.26
spec1d.vdgc1.013.gcA18.fits.gz,3.47,252174.89,252175.17,0.01,0.09,86.16,86.47,0.0,0.11
spec1d.vdgc1.014.gcA19.fits.gz,6.85,1814.16,1816.74,29.54,45.68,81.76,67.45,104.0,67.16
spec1d.vdgc1.015.gcA20.fits.gz,2.76,1627.19,1607.8,41.73,62.38,161.49,150.05,40.0,77.96
spec1d.vdgc1.016.gcA22.fits.gz,3.31,1844.49,1836.01,56.04,57.78,99.78,71.06,35.0,55.71
spec1d.vdgc1.017.gcA23.fits.gz,1.36,160348.82,161812.79,7.63,5.36,1000.0,208.71,5.0,5.18
spec1d.vdgc1.018.gcA24.fits.gz,3.19,153358.2,153348.9,16.48,20.18,120.84,93.01,21.0,12.74
spec1d.vdgc1.018.serendip1.fits.gz,0.13,-486.8,-499.39,123.7,103.03,55.41,0.29,97.0,0.0
spec1d.vdgc1.018.serendip2.fits.gz,0.11,-619.76,-628.57,84.91,109.16,31.76,17.11,77.0,16.83
spec1d.vdgc1.019.gcA27.fits.gz,1.46,203906.1,203906.1,0.0,0.0,86.08,86.08,0.0,5.93
spec1d.vdgc1.020.gcN82.fits.gz,20.21,361.1,360.82,4.4,3.95,21.17,23.3,9.0,9.34
spec1d.vdgc1.021.gcN86.fits.gz,2.63,65777.89,67089.8,177.93,1200.36,537.72,1000.0,0.0,448.14
spec1d.vdgc1.022.gcN87.fits.gz,5.51,43.0,47.94,20.56,32.65,78.71,70.58,45.0,30.33
spec1d.vdgc1.023.gcN95.fits.gz,71.09,107.16,107.25,1.45,1.37,38.97,38.86,2.0,1.77
spec1d.vdgc1.025.serendip1.fits.gz,0.43,286368.36,286427.94,565.63,529.42,1000.0,1000.0,0.0,31.48
spec1d.vdgc1.025.serendip2.fits.gz,0.32,246823.27,246823.2,16.05,15.94,0.29,0.29,0.0,0.0
spec1d.vdgc1.026.gcN120.fits.gz,6.27,1401.28,1402.33,16.57,17.25,27.77,23.09,21.0,22.81
spec1d.vdgc1.027.gcN138.fits.gz,6.85,1381.6,1380.99,8.86,11.49,15.39,14.84,24.0,14.55
spec1d.vdgc1.028.gcN143.fits.gz,3.7,-65.8,-65.43,28.13,29.1,46.41,29.52,45.0,29.23
spec1d.vdgc1.029.gcN145.fits.gz,4.81,1356.04,1357.37,26.46,17.45,30.53,32.36,20.0,32.07
spec1d.vdgc1.030.gcN147.fits.gz,6.87,1398.87,1398.92,8.21,12.41,0.29,0.29,54.0,0.0
spec1d.vdgc1.030.serendip1.fits.gz,0.4,-655.37,-659.94,74.93,95.98,121.96,127.08,77.0,86.83
spec1d.vdgc1.031.gcN177.fits.gz,5.98,229.88,233.49,28.98,28.45,66.64,51.79,44.0,51.51
spec1d.vdgc1.032.gcN185.fits.gz,26.91,67.61,67.68,3.0,3.14,0.29,0.29,6.0,0.0
spec1d.vdgc1.033.gcN186.fits.gz,9.27,243.23,243.15,6.65,7.6,0.29,0.29,14.0,0.0
spec1d.vdgc1.034.gcN189.fits.gz,5.86,1418.9,1418.67,13.43,12.41,0.29,0.29,0.0,0.0
spec1d.vdgc1.035.gcN190.fits.gz,14.63,156.05,156.96,6.46,9.84,16.59,12.13,14.0,11.84
spec1d.vdgc1.035.serendip1.fits.gz,0.22,214.73,256.72,1140.99,1982.97,1000.0,799.56,200.0,628.39
spec1d.vdgc1.036.gcN195.fits.gz,9.96,1449.56,1448.32,8.52,11.12,15.37,0.66,18.0,0.37
spec1d.vdgc1.037.gcN206.fits.gz,6.88,1710.31,1703.19,20.91,16.41,31.64,10.14,34.0,9.85
spec1d.vdgc1.037.serendip1.fits.gz,1.28,155711.61,155732.35,214.68,98.69,692.47,628.95,120.0,103.36
spec1d.vdgc1.038.gcN210.fits.gz,2.87,1686.71,1691.49,35.02,25.65,34.19,18.35,47.0,18.06
spec1d.vdgc1.039.gcN211.fits.gz,3.69,203.28,204.83,30.49,14.5,0.29,0.29,138.0,0.0
spec1d.vdgc1.040.gcN213.fits.gz,2.85,68756.79,68760.59,56.44,41.22,388.11,406.64,58.0,71.69
spec1d.vdgc1.040.serendip1.fits.gz,37.1,190.03,189.48,2.46,1.88,25.85,26.4,4.0,4.74
spec1d.vdgc1.041.gcN214.fits.gz,3.59,57.33,51.87,20.53,20.68,32.33,5.75,38.0,5.47
spec1d.vdgc1.042.vir269.fits.gz,24.09,-38.35,-38.67,4.25,4.27,0.29,0.29,7.0,0.0
spec1d.vdgc1.043.vir275.fits.gz,60.65,239.81,240.18,1.6,2.55,10.34,9.8,4.0,2.72
spec1d.vdgc1.044.vir289.fits.gz,47.56,231.96,232.07,2.44,0.84,0.29,0.29,9.0,0.0
spec1d.vdgc1.045.sgr378.fits.gz,5.96,55.21,52.06,25.87,22.88,82.57,74.34,23.0,37.7
spec1d.vdgc1.046.serendip1.fits.gz,0.35,77805.52,77773.39,633.09,568.19,1000.0,979.73,20.0,669.24
spec1d.vdgc1.046.sgr388.fits.gz,7.28,-7.34,-8.7,9.29,8.35,2.17,0.29,24.0,0.0
spec1d.vdgc1.047.sgr401.fits.gz,5.29,79.88,79.75,17.55,12.26,11.96,0.29,26.0,0.0
spec1d.vdgc1.048.sgr408.fits.gz,7.72,59.96,59.5,4.0,2.91,1.71,36.25,23.0,35.17
spec1d.vdgc1.049.serendip1.fits.gz,0.61,212072.93,212069.8,28.63,26.51,47.39,29.02,27.0,28.73
spec1d.vdgc1.049.sgr412.fits.gz,11.0,77.37,77.14,6.31,7.9,0.29,0.29,28.0,0.0
spec1d.vdgc1.050.serendip1.fits.gz,0.47,212083.6,212084.06,17.53,26.55,0.29,0.29,350.0,0.0
spec1d.vdgc1.050.sgr414.fits.gz,6.94,2.42,2.71,13.94,8.63,0.29,0.29,21.0,0.0
spec1d.vdgc1.051.sgr417.fits.gz,5.77,101.29,102.57,41.12,32.35,86.6,69.01,39.0,64.8
spec1d.vdgc1.052.serendip1.fits.gz,0.31,168555.62,168589.88,651.41,422.77,953.72,777.94,222.0,573.99
spec1d.vdgc1.052.serendip2.fits.gz,1.61,229006.07,229006.07,0.19,0.22,86.43,86.43,0.0,0.1
spec1d.vdgc1.052.sgr425.fits.gz,3.86,1.55,2.41,34.94,16.54,0.29,13.2,77.0,12.91
spec1d.vdgc1.053.sgr426.fits.gz,5.68,10.95,12.04,18.02,19.24,27.02,12.64,41.0,12.35
spec1d.vdgc1.054.sgr433.fits.gz,14.74,239.24,240.47,7.75,7.74,55.82,50.04,18.0,49.75
spec1d.vdgc1.055.mst485.fits.gz,0.68,121322.89,121323.01,27.17,44.22,89.5,77.87,29.0,44.03
spec1d.vdgc1.055.serendip1.fits.gz,4.81,124606.05,124613.91,161.29,39.21,62.31,43.61,75.0,43.33
spec1d.vdgc1.056.mst488.fits.gz,2.43,-124.72,-126.84,11.78,29.33,0.29,0.29,60.0,0.0
spec1d.vdgc1.057.serendip1.fits.gz,0.21,270549.73,268549.73,0.0,0.0,256.53,1000.0,0.0,0.0
spec1d.vdgc1.058.mst501.fits.gz,2.54,744.79,753.43,24.02,19.23,0.29,0.29,26.0,0.0
spec1d.vdgc1.059.mst502.fits.gz,1.53,134.21,131.54,23.96,21.41,0.29,0.29,0.0,0.0
spec1d.vdgc1.060.serendip1.fits.gz,0.77,-386.02,-444.23,111.72,78.56,146.27,87.41,85.0,87.12
spec1d.vdgc1.060.serendip2.fits.gz,0.19,-379.76,-382.84,151.25,167.96,166.23,75.59,200.0,75.3
spec1d.vdgc1.061.mst524.fits.gz,2.9,2340.91,2354.5,144.43,87.84,105.1,83.61,160.0,83.33
spec1d.vdgc1.061.serendip1.fits.gz,4.06,166209.67,166215.02,44.09,25.64,0.29,0.29,495.0,0.0
spec1d.vdgc1.061.serendip2.fits.gz,0.26,184261.14,184250.69,27.42,39.02,0.29,0.29,45.0,0.0
spec1d.vdgc1.062.mst542.fits.gz,1.02,3860.98,4415.56,1445.42,2554.58,1000.0,356.61,643.0,356.32
spec1d.vdgc1.062.serendip1.fits.gz,0.19,84221.19,84283.61,227.79,227.09,87.85,26.77,200.0,26.49
spec1d.vdgc2.000.alg24.fits.gz,141.3,181.49,181.35,1.22,0.97,60.22,60.79,2.0,2.35
spec1d.vdgc2.001.alg67.fits.gz,432.2,-52.37,-52.46,0.23,0.24,38.78,38.76,0.0,0.55
spec1d.vdgc2.002.alg71.fits.gz,336.01,39.45,39.45,0.3,0.2,54.68,54.46,0.0,0.32
spec1d.vdgc2.003.alg95.fits.gz,34.87,51.7,52.02,3.4,4.63,46.52,46.52,5.0,4.38
spec1d.vdgc2.004.alg109.fits.gz,67.8,-77.5,-78.39,4.29,4.11,652.02,656.88,11.0,4.03
spec1d.vdgc2.005.alg177.fits.gz,36.68,62.67,62.88,2.63,3.21,62.5,61.84,3.0,4.89
spec1d.vdgc2.006.nuc5.fits.gz,28.33,1032.79,1032.04,2.51,2.35,31.18,30.0,4.0,7.05
spec1d.vdgc2.007.nuc6.fits.gz,27.44,982.05,982.33,2.35,3.45,5.46,7.64,9.0,7.36
spec1d.vdgc2.008.nuc7.fits.gz,7.9,1458.33,1457.76,6.7,8.15,0.29,0.29,0.0,0.0
spec1d.vdgc2.009.gcA9.fits.gz,5.0,1317.56,1313.42,22.35,15.63,46.03,41.24,32.0,40.95
spec1d.vdgc2.009.serendip1.fits.gz,0.22,196264.37,196268.46,670.06,623.3,1000.0,1000.0,0.0,477.53
spec1d.vdgc2.010.gcA10.fits.gz,5.7,1103.18,1102.83,9.47,7.86,6.64,0.29,38.0,0.0
spec1d.vdgc2.011.gcA11.fits.gz,5.89,1036.18,1035.58,3.63,6.16,0.29,0.29,33.0,0.0
spec1d.vdgc2.012.gcA14.fits.gz,0.78,1253.05,1263.73,334.75,729.22,735.8,680.87,319.0,328.46
spec1d.vdgc2.013.gcA15.fits.gz,4.93,1068.08,1068.09,6.18,6.54,0.29,7.53,16.0,7.24
spec1d.vdgc2.014.gcA16.fits.gz,2.15,1368.95,1368.23,25.21,26.59,0.29,0.29,61.0,0.0
spec1d.vdgc2.015.gcA17.fits.gz,2.57,1238.18,1259.07,139.38,71.26,147.92,140.29,85.0,85.47
spec1d.vdgc2.016.gcA22.fits.gz,7.06,1042.37,1043.18,11.59,12.72,58.61,54.14,17.0,16.82
spec1d.vdgc2.017.gcA27.fits.gz,2.23,1093.01,1087.41,39.21,44.39,98.86,87.28,32.0,26.3
spec1d.vdgc2.018.gcA29.fits.gz,1.78,1079.54,1073.89,92.25,64.42,68.62,56.35,65.0,56.07
spec1d.vdgc2.019.gcA30.fits.gz,1.39,231975.46,231975.45,0.16,0.33,86.38,86.5,0.0,0.17
spec1d.vdgc2.020.gcA37.fits.gz,1.28,-1806.26,-1809.21,44.96,37.57,0.29,0.29,66.0,0.0
spec1d.vdgc2.021.gcA42.fits.gz,2.04,-1940.67,-2059.64,2118.96,1881.04,1000.0,827.65,172.0,827.36
spec1d.vdgc2.022.gcA43.fits.gz,1.85,2076.79,2078.84,17.88,33.94,0.29,0.29,0.0,0.0
spec1d.vdgc2.023.gcN115.fits.gz,3.82,1821.23,1823.66,269.05,16.3,10.3,0.29,41.0,0.0
spec1d.vdgc2.024.gcN119.fits.gz,16.98,1258.84,1258.28,4.44,5.76,28.9,26.94,12.0,14.56
spec1d.vdgc2.025.gcN147.fits.gz,108.27,66.18,66.28,0.5,0.48,21.01,21.35,1.0,1.74
spec1d.vdgc2.026.gcN152.fits.gz,8.2,110.16,108.34,16.27,12.59,12.3,5.06,32.0,4.78
spec1d.vdgc2.028.gcN179.fits.gz,6.52,1502.55,1502.61,9.12,8.16,0.34,0.29,23.0,0.0
spec1d.vdgc2.029.gcN183.fits.gz,4.63,1332.08,1331.8,10.39,11.02,0.29,0.29,27.0,0.0
spec1d.vdgc2.029.serendip1.fits.gz,4.63,1909.85,1909.45,14.54,21.16,0.29,0.29,19.0,0.0
spec1d.vdgc2.030.gcN186.fits.gz,12.23,1044.41,1043.15,5.18,6.91,10.83,12.43,14.0,12.14
spec1d.vdgc2.031.gcN192.fits.gz,14.59,1247.5,1248.14,7.46,6.29,34.02,35.52,9.0,15.52
spec1d.vdgc2.032.gcN196.fits.gz,6.75,-49.32,-46.8,19.67,36.1,82.69,68.34,87.0,50.29
spec1d.vdgc2.033.gcN241.fits.gz,18.35,24.07,24.21,5.04,4.5,0.29,0.29,9.0,0.0
spec1d.vdgc2.034.gcN242.fits.gz,3.71,1099.9,1105.74,13.11,19.91,70.74,56.55,33.0,56.26
spec1d.vdgc2.034.serendip1.fits.gz,0.2,246540.25,246542.67,42.0,21.73,0.29,0.29,109.0,0.0
spec1d.vdgc2.035.gcN244.fits.gz,4.72,1259.64,1250.32,24.51,23.26,81.33,84.95,69.0,54.63
spec1d.vdgc2.036.gcN253.fits.gz,4.56,1553.72,1556.2,12.68,23.28,14.29,0.29,37.0,0.0
spec1d.vdgc2.037.gcN259.fits.gz,30.66,150.76,150.56,2.99,2.98,54.92,54.95,4.0,3.82
spec1d.vdgc2.038.gcN298.fits.gz,7.05,217.64,221.81,34.6,28.41,49.97,38.26,30.0,37.98
spec1d.vdgc2.039.gcN323.fits.gz,13.72,221.94,220.63,13.31,11.83,16.21,6.99,24.0,6.7
spec1d.vdgc2.040.gcN339.fits.gz,3.44,1385.46,1399.69,105.03,75.16,295.71,272.76,46.0,54.58
spec1d.vdgc2.041.gcN341.fits.gz,1.6,-3943.44,-5186.96,3243.53,756.47,1000.0,397.0,603.0,396.71
spec1d.vdgc2.042.gcN343.fits.gz,17.95,733.93,734.03,5.0,1.89,0.29,0.29,13.0,0.0
spec1d.vdgc2.043.gcN351.fits.gz,9.69,1637.64,1639.25,7.02,10.63,44.26,43.48,12.0,13.14
spec1d.vdgc2.044.gcN352.fits.gz,3.02,1281.52,1281.55,10.1,4.33,0.29,14.66,26.0,14.37
spec1d.vdgc2.045.gcN354.fits.gz,2.67,310.04,310.45,53.92,82.59,115.14,92.78,36.0,78.62
spec1d.vdgc2.045.serendip1.fits.gz,5.87,103.73,117.59,838.82,91.97,152.83,152.92,799.0,73.62
spec1d.vdgc2.046.gcN368.fits.gz,4.66,1773.69,1771.43,37.64,34.34,30.91,12.87,38.0,12.59
spec1d.vdgc2.047.gcN371.fits.gz,9.37,227.68,228.71,16.66,18.38,27.16,1.48,25.0,1.19
spec1d.vdgc2.049.gcN386.fits.gz,2.85,1132.16,1131.67,15.07,26.56,66.32,60.52,18.0,24.52
spec1d.vdgc2.050.gcN387.fits.gz,3.34,859.96,852.81,87.97,68.44,164.31,159.77,48.0,82.22
spec1d.vdgc2.051.gcN395.fits.gz,3.82,1087.25,1087.83,16.36,18.85,5.88,2.35,44.0,2.06
spec1d.vdgc2.052.gcN407.fits.gz,6.31,363.41,363.24,6.82,9.1,0.29,0.29,33.0,0.0
spec1d.vdgc2.053.gcN421.fits.gz,2.63,1479.31,1475.98,28.4,17.78,42.56,37.7,36.0,37.41
spec1d.vdgc2.053.serendip1.fits.gz,25.35,-31.52,-33.01,6.73,7.99,418.35,421.81,12.0,15.56
spec1d.vdgc2.054.gcN446.fits.gz,10.3,1100.15,1099.71,8.65,6.14,12.58,10.05,18.0,9.77
spec1d.vdgc2.055.gcN449.fits.gz,7.0,1088.69,1089.05,14.33,7.17,0.29,0.29,20.0,0.0
spec1d.vdgc2.055.serendip1.fits.gz,0.27,-2056.39,-2057.1,128.75,210.05,78.66,19.08,171.0,18.79
spec1d.vdgc2.056.gcN459.fits.gz,8.11,1323.14,1322.62,6.92,7.35,0.29,0.29,40.0,0.0
spec1d.vdgc2.057.gcN474.fits.gz,3.53,325.12,327.03,50.36,50.56,145.53,123.17,57.0,94.86
spec1d.vdgc2.058.vir679.fits.gz,67.51,343.15,342.76,2.38,2.22,38.19,39.27,3.0,3.2
spec1d.vdgc2.059.serendip1.fits.gz,2.13,93839.26,93844.57,76.68,64.8,120.74,107.02,41.0,106.74
spec1d.vdgc2.059.vir680.fits.gz,91.21,14.23,14.32,1.04,1.29,33.76,33.58,2.0,1.97
spec1d.vdgc2.060.serendip1.fits.gz,0.55,-650.69,-643.3,103.18,119.06,155.6,51.33,152.0,51.05
spec1d.vdgc2.061.vir690.fits.gz,18.28,78.06,78.54,8.27,6.47,14.54,9.86,14.0,9.57
spec1d.vdgc2.062.sgr734.fits.gz,6.8,-18.52,-18.71,7.33,10.12,0.29,0.29,11.0,0.0
spec1d.vdgc2.063.sgr739.fits.gz,4.53,75.33,78.68,8.35,11.41,0.29,0.29,0.0,0.0
spec1d.vdgc2.064.sgr747.fits.gz,7.6,24.16,24.41,7.68,5.74,16.68,0.8,15.0,0.51
spec1d.vdgc2.065.sgr752.fits.gz,2.83,51.29,55.32,18.28,18.39,0.29,0.29,23.0,0.0
spec1d.vdgc2.066.sgr764.fits.gz,4.83,4.87,9.22,35.76,14.16,17.51,20.63,138.0,20.34
spec1d.vdgc2.067.sgr767.fits.gz,8.86,32.95,32.78,8.81,9.72,0.29,0.29,5.0,0.0
spec1d.vdgc2.068.serendip1.fits.gz,1.42,106436.11,106436.04,20.2,11.6,10.7,20.95,21.0,20.66
spec1d.vdgc2.068.sgr770.fits.gz,12.91,44.76,44.38,12.2,14.44,28.13,30.07,9.0,11.77
spec1d.vdgc2.069.sgr779.fits.gz,16.14,22.91,24.6,7.51,10.36,33.86,27.44,16.0,19.16
spec1d.vdgc2.070.sgr783.fits.gz,6.61,73.0,75.42,17.76,22.47,32.46,27.69,29.0,27.4
spec1d.vdgc2.071.sgr788.fits.gz,16.82,47.84,46.36,11.6,5.83,8.46,0.29,20.0,0.0
spec1d.vdgc2.072.sgr797.fits.gz,7.48,46.91,46.35,19.32,14.02,44.84,36.31,14.0,29.5
spec1d.vdgc2.073.sgr800.fits.gz,3.66,34.48,28.07,68.98,51.79,108.84,82.61,40.0,82.32
spec1d.vdgc2.074.mst869.fits.gz,3.35,35.87,36.46,14.05,15.19,0.29,0.29,13.0,0.0
spec1d.vdgc2.075.mst891.fits.gz,0.44,-2379.37,-2375.78,38.5,46.8,55.28,0.29,49.0,0.0
spec1d.vdgc2.076.mst912.fits.gz,3.31,55.44,54.95,11.1,11.05,0.29,0.29,49.0,0.0
spec1d.vdgc2.076.serendip1.fits.gz,0.07,-584.51,-605.38,85.09,107.69,30.17,0.58,133.0,0.29
spec1d.vdgc2.077.mst932.fits.gz,1.01,2013.82,2014.55,73.14,22.05,0.29,39.58,652.0,39.29
spec1d.vdgc2.078.mst935.fits.gz,0.82,-131.96,-131.74,24.5,28.47,0.29,0.29,60.0,0.0
spec1d.vdgc2.079.mst940.fits.gz,0.35,239226.1,239226.11,0.16,0.23,86.14,86.33,0.0,0.15
spec1d.vdgc3.000.alg60.fits.gz,215.09,40.77,40.79,1.0,0.92,56.29,56.24,1.0,1.34
spec1d.vdgc3.001.alg77.fits.gz,48.27,293.57,293.53,5.77,6.19,38.02,39.59,6.0,7.45
spec1d.vdgc3.002.alg86.fits.gz,43.13,155.86,155.82,4.36,4.78,54.99,54.46,5.0,4.39
spec1d.vdgc3.003.alg146.fits.gz,20.22,129.77,130.01,6.51,7.27,78.78,78.74,10.0,9.03
spec1d.vdgc3.004.alg156.fits.gz,58.33,2.52,2.18,2.66,2.57,54.63,55.11,4.0,3.75
spec1d.vdgc3.005.alg191.fits.gz,116.32,85.88,86.15,1.69,1.54,237.35,239.49,3.0,1.79
spec1d.vdgc3.006.alg198.fits.gz,76.86,18.08,17.44,2.61,2.1,185.48,185.56,4.0,2.35
spec1d.vdgc3.007.nuc5.fits.gz,5.88,1145.6,1148.8,32.71,32.65,157.26,165.06,38.0,65.77
spec1d.vdgc3.008.nuc6.fits.gz,28.59,845.08,844.35,2.58,2.93,25.52,24.73,6.0,4.81
spec1d.vdgc3.009.gcA8.fits.gz,2.13,1008.81,1008.22,15.2,25.46,0.29,0.29,99.0,0.0
spec1d.vdgc3.010.gcA9.fits.gz,2.23,1279.06,1273.35,187.5,168.82,336.63,329.11,126.0,217.34
spec1d.vdgc3.011.gcA10.fits.gz,3.31,1130.74,1125.94,20.76,28.41,36.1,28.59,55.0,28.3
spec1d.vdgc3.011.serendip1.fits.gz,0.31,-2261.99,-2285.75,217.49,550.1,193.46,129.32,269.0,129.04
spec1d.vdgc3.012.gcA11.fits.gz,0.75,1074.48,1073.13,19.65,24.27,0.29,0.29,107.0,0.0
spec1d.vdgc3.012.serendip1.fits.gz,0.44,58540.26,60217.23,323.04,1407.14,1000.0,1000.0,0.0,158.3
spec1d.vdgc3.013.gcA12.fits.gz,1.99,190988.95,192988.95,0.0,4000.0,1000.0,5.94,994.0,5.65
spec1d.vdgc3.013.serendip1.fits.gz,0.68,-404.49,-293.17,634.35,150.04,112.52,110.15,220.0,109.86
spec1d.vdgc3.014.gcA13.fits.gz,0.01,-2062.55,-2066.41,36.4,31.31,0.29,0.29,77.0,0.0
spec1d.vdgc3.016.gcA15.fits.gz,0.87,-4321.37,-4321.03,73.32,110.03,149.04,107.73,126.0,107.44
spec1d.vdgc3.017.gcA16.fits.gz,0.5,-326.96,-332.66,30.91,31.52,19.67,0.29,50.0,0.0
spec1d.vdgc3.018.gcA17.fits.gz,0.55,-2073.13,-2084.8,92.89,53.6,0.39,0.29,210.0,0.0
spec1d.vdgc3.019.gcA18.fits.gz,1.64,312.8,315.46,48.21,29.79,73.99,54.2,59.0,53.91
spec1d.vdgc3.021.gcN57.fits.gz,8.48,326.15,322.01,28.09,26.67,119.55,119.09,24.0,31.24
spec1d.vdgc3.022.gcN60.fits.gz,84.2,148.38,148.62,0.93,1.22,40.97,41.27,2.0,1.66
spec1d.vdgc3.023.gcN63.fits.gz,79.59,4.12,3.78,1.19,1.25,37.87,37.44,2.0,2.59
spec1d.vdgc3.024.gcN64.fits.gz,14.63,285.43,285.22,4.2,5.69,0.29,0.29,18.0,0.0
spec1d.vdgc3.025.gcN70.fits.gz,57.51,23.48,23.35,2.0,1.73,16.44,17.47,4.0,4.32
spec1d.vdgc3.026.gcN76.fits.gz,86.64,94.39,94.24,1.36,1.48,54.0,54.22,2.0,1.99
spec1d.vdgc3.027.gcN81.fits.gz,16.42,26.5,26.89,8.97,5.53,21.6,21.77,12.0,21.49
spec1d.vdgc3.028.gcN90.fits.gz,5.18,63827.63,65674.11,109.28,137.26,651.92,1000.0,0.0,-0.0
spec1d.vdgc3.029.gcN92.fits.gz,36.1,22.94,23.01,2.21,1.73,0.29,0.29,9.0,0.0
spec1d.vdgc3.030.gcN94.fits.gz,3.03,-1076.2,-1061.75,213.36,213.51,538.76,522.5,147.0,171.96
spec1d.vdgc3.031.gcN95.fits.gz,78.93,122.76,122.87,1.1,1.29,10.97,10.53,2.0,2.44
spec1d.vdgc3.032.gcN97.fits.gz,2.37,94448.79,94434.68,135.99,100.59,178.32,141.41,93.0,141.13
spec1d.vdgc3.033.gcN102.fits.gz,2.34,63103.37,63139.09,39.54,51.28,0.29,0.29,159.0,0.0
spec1d.vdgc3.034.gcN103.fits.gz,3.79,851.33,851.23,10.7,9.94,0.29,0.29,36.0,0.0
spec1d.vdgc3.035.gcN105.fits.gz,2.76,62650.27,62345.19,199.9,217.74,589.44,718.92,99.0,92.15
spec1d.vdgc3.036.gcN107.fits.gz,8.45,148.79,149.62,10.05,4.96,0.29,0.29,19.0,0.0
spec1d.vdgc3.037.gcN111.fits.gz,40.51,66.23,66.31,1.64,1.41,0.29,0.29,7.0,0.0
spec1d.vdgc3.038.gcN118.fits.gz,3.99,60.39,57.57,80.43,179.71,127.44,64.15,122.0,63.86
spec1d.vdgc3.039.gcN121.fits.gz,3.43,256.72,257.35,37.15,20.96,0.29,0.29,43.0,0.0
spec1d.vdgc3.040.vir203.fits.gz,24.96,224.16,224.51,6.81,5.16,13.84,8.73,17.0,8.44
spec1d.vdgc3.042.sgr264.fits.gz,4.9,81.74,85.28,24.23,16.61,0.29,0.29,22.0,0.0
spec1d.vdgc3.043.sgr270.fits.gz,4.05,21.92,23.06,71.6,48.3,91.0,80.22,44.0,72.33
spec1d.vdgc3.044.sgr271.fits.gz,10.96,302.7,303.89,14.72,19.27,24.47,4.69,21.0,4.41
spec1d.vdgc3.045.sgr273.fits.gz,5.54,18.64,18.52,44.18,50.77,156.51,151.41,24.0,34.75
spec1d.vdgc3.046.sgr277.fits.gz,7.88,37.69,32.45,20.79,21.76,96.96,89.51,26.0,41.29
spec1d.vdgc3.047.sgr284.fits.gz,8.31,86.96,87.07,14.4,7.36,0.29,0.29,13.0,0.0
spec1d.vdgc3.048.sgr292.fits.gz,3.48,98.69,97.32,36.08,29.42,33.33,22.86,33.0,22.57
spec1d.vdgc3.049.serendip1.fits.gz,0.96,17661.96,17669.84,32.18,29.06,0.29,0.29,294.0,0.0
spec1d.vdgc3.049.sgr294.fits.gz,5.66,74.85,74.72,8.31,10.88,0.29,0.29,22.0,0.0
spec1d.vdgc3.050.sgr298.fits.gz,2.93,211.31,191.87,66.41,38.1,91.29,39.78,70.0,39.49
spec1d.vdgc3.051.sgr300.fits.gz,9.87,-5.68,-9.01,18.06,10.89,20.02,17.56,26.0,17.27
spec1d.vdgc3.052.sgr306.fits.gz,8.03,73.46,73.46,13.53,9.44,8.51,0.29,25.0,0.0
spec1d.vdgc3.053.serendip1.fits.gz,0.05,180637.55,180634.88,37.94,46.13,0.29,0.29,356.0,0.0
spec1d.vdgc3.053.sgr313.fits.gz,3.94,56.86,58.78,20.53,17.55,9.25,0.29,24.0,0.0
spec1d.vdgc3.054.sgr315.fits.gz,2.77,114.19,114.28,8.94,16.92,0.29,0.29,13.0,0.0
spec1d.vdgc3.056.mst398.fits.gz,0.73,2069.72,2070.4,17.95,16.31,1.91,16.39,37.0,16.11
spec1d.vdgc3.057.mst400.fits.gz,0.0,616.99,620.65,2.85,7.29,78.15,0.27,74.0,0.0
spec1d.vdgc3.057.serendip1.fits.gz,0.0,141037.15,141017.73,8.51,10.7,1000.0,1000.0,0.0,0.0
spec1d.vdgc3.058.mst403.fits.gz,0.47,-4537.42,-4738.65,829.99,1188.46,532.48,454.96,545.0,411.8
spec1d.vdgc3.058.serendip1.fits.gz,0.22,-788.43,-782.05,64.67,61.01,58.51,0.29,90.0,0.0
spec1d.vdgc3.059.mst415.fits.gz,0.78,1655.0,1630.83,2024.17,1975.83,0.29,727.05,273.0,726.77
spec1d.vdgc3.059.serendip1.fits.gz,0.58,-585.68,-589.67,75.89,79.12,303.23,291.51,70.0,53.02
spec1d.vdgc3.060.mst425.fits.gz,1.18,1771.57,1772.37,45.83,28.02,0.29,0.29,65.0,0.0
spec1d.vdgc3.061.mst428.fits.gz,0.76,-197.23,-178.31,60.76,52.65,102.51,92.83,44.0,67.31
spec1d.vdgc3.062.mst435.fits.gz,0.65,-543.53,-529.94,356.24,155.36,58.7,25.7,159.0,25.41
spec1d.vdgc3.062.serendip1.fits.gz,0.17,2000.0,1973.79,75.72,87.06,0.29,0.29,573.0,0.0
spec1d.vdgc4B.000.alg118.fits.gz,85.03,29.33,29.49,1.74,1.54,74.55,74.18,2.0,1.91
spec1d.vdgc4B.001.alg120.fits.gz,57.66,-206.01,-206.52,4.45,3.91,512.86,516.28,8.0,4.71
spec1d.vdgc4B.002.alg123.fits.gz,42.98,50.55,50.33,5.45,3.43,75.29,75.57,5.0,4.42
spec1d.vdgc4B.003.alg207.fits.gz,47.91,14.21,15.34,4.24,3.42,184.64,185.9,6.0,3.55
spec1d.vdgc4B.004.nuc5.fits.gz,18.0,1563.75,1563.6,4.27,5.22,16.4,16.1,10.0,15.81
spec1d.vdgc4B.005.nuc7.fits.gz,32.91,1143.17,1143.08,2.52,2.92,43.17,43.82,4.0,4.71
spec1d.vdgc4B.006.gcA12.fits.gz,3.64,1578.83,1579.38,23.87,25.8,7.34,8.37,48.0,8.09
spec1d.vdgc4B.007.gcA21.fits.gz,3.41,1556.33,1558.98,31.42,25.93,0.29,0.29,85.0,0.0
spec1d.vdgc4B.008.gcA24.fits.gz,5.45,1557.12,1557.29,16.55,13.76,0.29,0.29,22.0,0.0
spec1d.vdgc4B.009.gcA25.fits.gz,5.79,1550.97,1550.38,12.83,27.23,0.29,0.29,31.0,0.0
spec1d.vdgc4B.010.gcA29.fits.gz,3.46,-553.43,-550.6,31.41,34.71,69.75,43.16,42.0,42.87
spec1d.vdgc4B.011.gcA30.fits.gz,7.88,1326.16,1327.06,13.2,9.22,17.79,7.8,23.0,7.52
spec1d.vdgc4B.012.gcA31.fits.gz,2.73,26.01,32.55,117.31,101.37,178.62,128.05,86.0,91.91
spec1d.vdgc4B.013.gcA32.fits.gz,3.09,235417.55,235417.67,0.09,0.15,86.29,86.44,0.0,0.08
spec1d.vdgc4B.014.gcA34.fits.gz,2.34,615.19,621.83,119.01,247.1,942.16,970.04,30.0,270.62
spec1d.vdgc4B.015.gcA36.fits.gz,1.99,133157.5,133157.77,29.33,22.78,0.29,0.29,57.0,0.0
spec1d.vdgc4B.016.gcA40.fits.gz,0.48,1028.02,1045.92,37.24,39.2,0.29,0.29,45.0,0.0
spec1d.vdgc4B.017.gcA48.fits.gz,1.36,-1503.72,-1495.54,31.4,24.5,0.29,0.29,37.0,0.0
spec1d.vdgc4B.018.gcA51.fits.gz,4.23,1875.59,1877.51,55.46,12.11,0.29,19.27,180.0,18.99
spec1d.vdgc4B.019.gcA57.fits.gz,0.53,236481.66,236483.19,116.19,1968.16,0.29,64.43,762.0,64.14
spec1d.vdgc4B.020.gcN108.fits.gz,3.31,197.13,204.78,56.1,55.6,75.03,37.63,56.0,37.34
spec1d.vdgc4B.021.gcN122.fits.gz,27.1,-53.56,-54.32,3.78,2.85,23.16,23.6,9.0,11.4
spec1d.vdgc4B.022.gcN124.fits.gz,32.86,-34.7,-34.87,3.26,2.57,5.45,0.29,13.0,0.0
spec1d.vdgc4B.023.gcN133.fits.gz,4.14,188364.81,188032.06,2332.75,1667.25,1000.0,0.29,1000.0,0.0
spec1d.vdgc4B.024.gcN135.fits.gz,16.35,89.16,88.17,7.21,5.99,11.52,7.17,17.0,6.88
spec1d.vdgc4B.025.gcN136.fits.gz,2.68,1385.05,1381.47,13.17,16.68,0.29,0.29,36.0,0.0
spec1d.vdgc4B.026.gcN138.fits.gz,23.5,242.96,242.91,4.68,5.28,27.86,27.4,7.0,13.72
spec1d.vdgc4B.026.serendip1.fits.gz,1.9,184941.02,184940.57,14.05,21.5,0.29,0.29,43.0,0.0
spec1d.vdgc4B.027.gcN141.fits.gz,5.05,552.82,553.2,11.46,10.9,0.29,0.29,9.0,0.0
spec1d.vdgc4B.028.gcN157.fits.gz,17.86,414.83,414.75,2.98,2.84,0.29,1.93,15.0,1.64
spec1d.vdgc4B.029.vir297.fits.gz,25.4,150.21,150.19,5.08,6.75,0.29,0.29,8.0,0.0
spec1d.vdgc4B.030.vir301.fits.gz,0.06,1831.61,1819.75,53.91,60.89,723.76,719.9,42.0,50.62
spec1d.vdgc4B.031.serendip1.fits.gz,0.1,1693.13,1696.21,61.05,87.35,0.29,21.57,345.0,21.28
spec1d.vdgc4B.031.vir305.fits.gz,26.84,-90.67,-89.86,4.84,4.45,14.27,13.41,9.0,13.12
spec1d.vdgc4B.032.vir310.fits.gz,32.56,-60.06,-60.08,2.52,2.42,0.29,0.29,10.0,0.0
spec1d.vdgc4B.033.serendip1.fits.gz,0.14,175427.66,175493.44,175.89,812.62,30.18,0.29,188.0,0.0
spec1d.vdgc4B.033.serendip2.fits.gz,0.79,143434.84,143476.31,170.78,311.4,203.84,66.56,201.0,66.27
spec1d.vdgc4B.033.sgr367.fits.gz,8.46,111.38,115.02,19.92,20.62,34.85,25.66,36.0,25.37
spec1d.vdgc4B.034.sgr368.fits.gz,4.48,-3.65,-3.77,6.3,7.34,0.29,0.29,20.0,0.0
spec1d.vdgc4B.035.serendip1.fits.gz,2.61,98968.01,98958.58,82.01,60.41,244.18,241.6,99.0,89.02
spec1d.vdgc4B.035.serendip2.fits.gz,0.22,98569.3,98260.29,126.88,100.62,1000.0,1000.0,0.0,0.0
spec1d.vdgc4B.035.sgr369.fits.gz,6.58,152.71,152.17,22.95,17.49,48.72,38.87,41.0,38.58
spec1d.vdgc4B.036.sgr371.fits.gz,4.96,36.05,41.56,24.11,30.48,55.23,52.25,28.0,51.96
spec1d.vdgc4B.037.sgr372.fits.gz,6.13,-113.11,-112.6,15.79,12.68,3.62,0.29,39.0,0.0
spec1d.vdgc4B.038.serendip1.fits.gz,0.87,254160.33,254162.36,47.79,49.3,46.3,17.15,54.0,16.87
spec1d.vdgc4B.038.sgr377.fits.gz,5.29,-63.97,-69.52,32.06,58.73,137.28,137.17,41.0,48.51
spec1d.vdgc4B.039.sgr378.fits.gz,6.23,15.86,15.83,8.38,7.83,0.29,0.29,30.0,0.0
spec1d.vdgc4B.040.sgr379.fits.gz,6.93,134.49,138.1,21.37,21.46,53.93,43.81,23.0,31.15
spec1d.vdgc4B.041.sgr381.fits.gz,8.27,69.58,68.2,19.16,18.94,42.65,38.28,25.0,37.14
spec1d.vdgc4B.043.serendip1.fits.gz,4.21,114323.64,114324.04,255.93,280.94,1000.0,1000.0,0.0,0.0
spec1d.vdgc4B.043.sgr383.fits.gz,10.43,85.92,83.56,16.39,12.87,74.14,73.53,16.0,15.56
spec1d.vdgc4B.044.sgr386.fits.gz,9.79,8.05,7.84,5.73,4.74,0.29,0.29,28.0,0.0
spec1d.vdgc4B.045.serendip1.fits.gz,0.15,780.1,770.58,50.27,32.82,116.48,78.94,49.0,43.29
spec1d.vdgc4B.045.serendip2.fits.gz,0.06,-542.34,-542.92,30.01,137.74,0.29,0.29,348.0,0.0
spec1d.vdgc4B.046.sgr390.fits.gz,10.67,197.94,204.31,24.73,14.07,54.48,51.77,20.0,31.48
spec1d.vdgc4B.047.sgr392.fits.gz,10.18,51.8,54.7,18.92,16.77,25.18,14.79,34.0,14.5
spec1d.vdgc4B.048.mst484.fits.gz,0.8,2153.78,2142.11,25.82,37.41,27.72,15.43,44.0,15.14
spec1d.vdgc4B.049.mst485.fits.gz,2.05,190.17,197.06,62.08,44.49,45.82,23.88,41.0,23.6
spec1d.vdgc4B.050.mst491.fits.gz,1.41,-29.9,-29.49,43.58,94.99,19.43,0.29,105.0,0.0
spec1d.vdgc4B.050.serendip1.fits.gz,0.29,2346.99,2379.57,140.7,123.68,0.29,107.46,893.0,107.17
spec1d.vdgc4B.051.mst493.fits.gz,1.76,68.06,66.73,18.66,12.84,0.29,0.29,14.0,0.0
spec1d.vdgc4B.052.mst501.fits.gz,2.46,30578.08,29656.91,837.44,275.33,473.29,759.5,129.0,330.53
spec1d.vdgc4B.053.mst502.fits.gz,0.96,2093.41,2102.98,404.7,59.52,0.29,0.29,345.0,0.0
spec1d.vdgc4B.054.mst503.fits.gz,0.61,2103.83,2063.12,211.58,62.32,39.45,0.29,153.0,0.0
spec1d.vdgc4B.055.mst505.fits.gz,1.05,-281.85,-283.07,82.38,88.23,116.52,94.46,54.0,94.17
spec1d.vdgc4B.056.mst548.fits.gz,1.48,3214.4,3213.26,43.82,45.82,0.29,0.29,83.0,0.0
spec1d.vdgc4B.058.nuc6.fits.gz,50.05,-484.98,-484.8,2.44,2.88,53.13,53.21,4.0,3.73
spec1d.vdgc4B.059.nuc8.fits.gz,41.31,2003.83,2004.21,1.9,1.98,58.04,58.43,3.0,3.31
spec1d.vdgc4B.060.gcA45.fits.gz,1.39,85267.21,85264.36,8.34,20.84,0.29,75.0,86.0,74.72
spec1d.vdgc5.000.alg70.fits.gz,440.71,12.26,12.32,0.23,0.18,48.07,48.04,0.0,0.25
spec1d.vdgc5.001.alg73.fits.gz,159.36,80.83,80.84,0.72,0.91,31.37,31.44,1.0,1.16
spec1d.vdgc5.002.alg75.fits.gz,218.99,46.82,46.79,0.31,0.28,64.12,64.07,0.0,0.32
spec1d.vdgc5.003.alg122.fits.gz,64.68,141.05,140.85,2.16,1.75,27.4,28.27,3.0,4.48
spec1d.vdgc5.004.alg168.fits.gz,258.46,2.84,2.66,0.43,0.39,134.86,135.44,0.0,0.39
spec1d.vdgc5.005.nuc6.fits.gz,6.85,1949.9,1949.84,18.42,15.78,22.04,15.31,27.0,15.03
spec1d.vdgc5.005.serendip1.fits.gz,4.6,1909.97,1909.94,16.8,20.07,28.82,3.07,31.0,2.79
spec1d.vdgc5.006.gcA13.fits.gz,2.4,1567.16,1562.07,28.5,28.63,27.41,0.29,59.0,0.0
spec1d.vdgc5.006.serendip1.fits.gz,10.93,1595.09,1594.55,11.33,12.79,50.67,51.04,19.0,19.41
spec1d.vdgc5.007.gcA16.fits.gz,9.11,1539.11,1540.93,6.95,9.18,17.8,15.44,21.0,15.15
spec1d.vdgc5.007.serendip1.fits.gz,0.3,-401.03,-401.36,27.85,45.15,0.29,0.29,301.0,0.0
spec1d.vdgc5.008.gcA19.fits.gz,2.81,1597.61,1600.84,23.62,24.66,37.62,23.82,29.0,23.53
spec1d.vdgc5.009.serendip1.fits.gz,1.67,1564.16,1572.1,50.61,71.12,126.57,56.98,95.0,56.69
spec1d.vdgc5.011.gcA30.fits.gz,2.36,1470.54,1474.91,22.82,25.65,47.51,47.26,33.0,46.97
spec1d.vdgc5.012.gcA31.fits.gz,1.91,287.35,287.97,36.91,35.09,0.29,0.29,77.0,0.0
spec1d.vdgc5.013.gcA32.fits.gz,0.29,76100.23,76093.4,7.78,8.53,44.37,50.21,17.0,14.78
spec1d.vdgc5.013.serendip1.fits.gz,10.74,-9.88,-9.79,20.16,19.32,378.56,380.68,22.0,19.31
spec1d.vdgc5.014.gcA34.fits.gz,1.75,1251.98,1251.2,20.16,37.83,0.29,0.29,19.0,0.0
spec1d.vdgc5.014.serendip1.fits.gz,0.1,2143.88,2140.44,121.69,144.82,62.35,0.61,181.0,0.32
spec1d.vdgc5.015.gcN57.fits.gz,23.71,87.61,87.48,7.65,5.32,13.03,8.48,16.0,8.2
spec1d.vdgc5.015.serendip1.fits.gz,0.02,-577.83,-570.97,1914.86,1618.6,42.82,0.54,403.0,0.25
spec1d.vdgc5.016.gcN58.fits.gz,4.78,253.92,253.68,10.19,9.32,0.29,0.29,0.0,0.0
spec1d.vdgc5.017.gcN59.fits.gz,7.02,-61.87,-59.16,12.21,10.78,29.32,22.21,16.0,21.92
spec1d.vdgc5.018.gcN61.fits.gz,13.75,-13.36,-13.51,9.37,5.35,25.83,22.15,14.0,21.58
spec1d.vdgc5.019.gcN66.fits.gz,31.7,-56.51,-56.73,2.26,1.89,0.29,0.29,0.0,0.0
spec1d.vdgc5.020.gcN67.fits.gz,44.12,-22.17,-22.67,2.9,1.43,10.32,8.56,5.0,8.28
spec1d.vdgc5.021.gcN161.fits.gz,7.7,212.19,211.14,16.06,11.95,23.72,22.23,17.0,21.94
spec1d.vdgc5.021.serendip1.fits.gz,0.3,175336.06,175393.64,164.23,93.38,97.71,0.75,147.0,0.46
spec1d.vdgc5.022.gcN171.fits.gz,6.88,535.01,534.23,12.5,11.74,29.3,30.73,16.0,30.44
spec1d.vdgc5.022.serendip1.fits.gz,5.78,131933.98,131792.47,264.82,202.01,899.44,805.52,189.0,604.27
spec1d.vdgc5.023.gcN174.fits.gz,3.15,1656.37,1657.1,22.37,17.72,31.38,17.69,21.0,17.4
spec1d.vdgc5.023.serendip1.fits.gz,0.1,-425.89,-364.3,287.9,317.83,255.67,70.31,287.0,70.02
spec1d.vdgc5.024.gcN178.fits.gz,12.52,38.4,35.66,9.77,10.13,27.37,20.19,16.0,19.91
spec1d.vdgc5.024.serendip1.fits.gz,1.41,218238.63,218244.92,92.37,57.14,59.76,41.99,90.0,41.7
spec1d.vdgc5.025.gcN189.fits.gz,4.32,568.32,568.35,11.25,8.2,0.29,0.29,24.0,0.0
spec1d.vdgc5.025.serendip1.fits.gz,0.24,398.9,399.41,43.38,41.56,0.29,0.29,27.0,0.0
spec1d.vdgc5.026.gcN191.fits.gz,27.05,93.55,93.64,3.1,3.31,21.67,20.39,4.0,5.44
spec1d.vdgc5.027.gcN192.fits.gz,5.11,35.31,31.11,17.62,15.34,0.29,0.29,0.0,0.0
spec1d.vdgc5.028.gcN193.fits.gz,12.96,619.37,618.88,6.73,5.34,12.44,11.72,12.0,11.43
spec1d.vdgc5.029.gcN196.fits.gz,5.59,337.15,337.57,40.2,38.68,0.92,0.29,91.0,0.0
spec1d.vdgc5.030.gcN198.fits.gz,3.02,-10.0,-6.74,13.82,16.47,0.29,0.29,20.0,0.0
spec1d.vdgc5.031.gcN199.fits.gz,4.12,1902.12,1903.09,18.23,8.34,0.29,0.29,31.0,0.0
spec1d.vdgc5.032.gcN202.fits.gz,130.27,-12.96,-12.92,0.48,0.65,7.61,8.94,2.0,2.78
spec1d.vdgc5.033.gcN206.fits.gz,3.18,3664.11,3612.28,1055.76,549.63,1000.0,1000.0,0.0,229.96
spec1d.vdgc5.034.gcN209.fits.gz,3.25,1090.56,1055.92,87.85,695.17,96.17,94.98,844.0,94.7
spec1d.vdgc5.034.serendip1.fits.gz,0.64,1687.97,1663.09,171.89,260.75,322.81,285.01,177.0,132.59
spec1d.vdgc5.034.serendip2.fits.gz,0.58,61573.3,61562.75,33.01,336.5,0.29,528.81,281.0,528.52
spec1d.vdgc5.035.gcN270.fits.gz,1.89,-8.33,-4.58,23.84,16.86,3.48,15.64,38.0,15.35
spec1d.vdgc5.036.vir275.fits.gz,40.46,256.72,257.1,2.67,2.25,11.88,11.09,7.0,7.5
spec1d.vdgc5.037.vir277.fits.gz,81.09,183.45,183.4,0.82,1.34,43.5,43.2,3.0,2.89
spec1d.vdgc5.038.serendip1.fits.gz,0.09,360.19,330.03,652.35,893.97,900.18,567.59,432.0,413.3
spec1d.vdgc5.038.vir311.fits.gz,58.01,136.1,135.6,2.05,1.75,46.17,45.78,3.0,3.61
spec1d.vdgc5.039.vir313.fits.gz,61.21,-97.44,-96.91,1.82,2.18,19.63,19.64,4.0,3.11
spec1d.vdgc5.041.serendip1.fits.gz,0.78,119.31,114.93,135.32,174.72,264.03,256.11,168.0,110.78
spec1d.vdgc5.041.sgr337.fits.gz,9.31,214.9,215.52,9.87,10.9,0.29,0.29,14.0,0.0
spec1d.vdgc5.042.mst436.fits.gz,1.35,553.65,562.52,30.13,139.52,0.29,0.29,536.0,0.0
spec1d.vdgc5.042.serendip1.fits.gz,0.0,-1977.67,-1976.98,69.36,78.65,54.85,0.29,63.0,0.0
spec1d.vdgc5.043.mst439.fits.gz,1.67,458.73,459.1,17.63,14.33,0.29,0.29,19.0,0.0
spec1d.vdgc5.044.mst443.fits.gz,3.95,-8.43,-11.79,22.56,26.2,16.76,0.29,43.0,0.0
spec1d.vdgc5.045.mst447.fits.gz,2.56,54042.63,53240.1,458.89,306.55,613.77,940.82,59.0,179.38
spec1d.vdgc5.046.mst504.fits.gz,1.54,1333.15,1336.6,33.38,53.13,83.67,58.87,63.0,58.58
spec1d.vdgc5.046.serendip1.fits.gz,1.91,149601.92,149607.11,695.84,2005.2,0.29,98.75,901.0,98.46
spec1d.vdgc5.047.mst507.fits.gz,1.07,-4278.33,-4851.49,435.42,769.45,541.0,233.11,407.0,232.82
spec1d.vdgc5.048.mst513.fits.gz,0.49,1516.91,1518.0,14.89,22.03,0.29,0.29,32.0,0.0
spec1d.vdgc5.048.serendip1.fits.gz,0.84,90910.37,90903.01,198.68,189.95,272.76,240.38,141.0,215.14
spec1d.vdgc5.049.mst528.fits.gz,3.86,52.07,52.74,8.19,11.62,0.29,0.29,27.0,0.0
spec1d.vdgc6.000.alg33.fits.gz,176.3,14.47,14.5,0.43,0.32,34.46,34.56,1.0,0.82
spec1d.vdgc6.001.alg94.fits.gz,144.45,-20.43,-20.41,0.52,0.52,40.68,40.56,1.0,0.84
spec1d.vdgc6.002.alg141.fits.gz,113.13,-42.93,-43.01,0.81,0.81,32.43,32.55,2.0,1.5
spec1d.vdgc6.003.alg161.fits.gz,141.46,-92.17,-92.86,1.22,1.25,257.8,259.2,1.0,1.27
spec1d.vdgc6.004.alg207.fits.gz,110.98,-76.03,-76.98,1.58,2.65,327.64,329.43,2.0,1.67
spec1d.vdgc6.005.nuc5.fits.gz,58.96,2101.98,2102.17,0.7,0.89,51.6,51.25,1.0,1.36
spec1d.vdgc6.006.nuc6.fits.gz,16.88,2296.62,2296.94,5.51,6.69,32.61,29.57,12.0,14.13
spec1d.vdgc6.007.gcA8.fits.gz,8.55,2117.53,2117.44,5.06,4.96,0.29,0.29,18.0,0.0
spec1d.vdgc6.008.gcA9.fits.gz,13.47,786.72,785.96,5.13,8.73,22.21,20.47,11.0,18.82
spec1d.vdgc6.009.gcA10.fits.gz,10.8,2100.53,2100.67,3.84,7.2,12.47,11.41,12.0,11.12
spec1d.vdgc6.010.gcA11.fits.gz,9.16,2098.33,2098.71,7.39,4.53,0.29,0.29,17.0,0.0
spec1d.vdgc6.011.gcA16.fits.gz,4.59,2243.76,2239.88,34.84,32.79,54.49,36.9,55.0,36.62
spec1d.vdgc6.012.gcA18.fits.gz,3.17,1887.22,1870.87,66.01,58.66,117.01,97.22,39.0,96.93
spec1d.vdgc6.013.gcA19.fits.gz,3.41,2014.28,2016.73,39.58,29.2,79.04,65.94,49.0,65.65
spec1d.vdgc6.014.gcA21.fits.gz,2.93,2168.36,2180.75,64.27,53.18,47.7,16.67,41.0,16.38
spec1d.vdgc6.015.gcA23.fits.gz,2.76,2165.71,2166.0,9.77,9.23,0.29,0.29,22.0,0.0
spec1d.vdgc6.016.gcA29.fits.gz,1.64,1946.84,1926.7,101.06,240.95,201.89,167.69,106.0,99.0
spec1d.vdgc6.017.gcA30.fits.gz,0.08,2390.45,2366.26,363.16,302.55,1000.0,1000.0,0.0,191.09
spec1d.vdgc6.017.serendip1.fits.gz,6.03,2124.17,2126.04,12.5,13.45,26.03,18.2,28.0,17.91
spec1d.vdgc6.018.gcA31.fits.gz,2.54,2132.32,2137.17,40.44,39.87,114.7,109.41,39.0,34.89
spec1d.vdgc6.019.gcA33.fits.gz,2.96,2060.33,2063.0,37.29,45.5,78.65,64.3,46.0,50.91
spec1d.vdgc6.019.serendip1.fits.gz,0.94,1585.91,1614.04,99.73,132.19,120.42,112.8,100.0,81.57
spec1d.vdgc6.020.gcA34.fits.gz,3.44,243298.28,243298.28,0.13,0.0,86.22,86.22,0.0,0.11
spec1d.vdgc6.021.gcA45.fits.gz,1.62,2052.47,2052.76,13.17,10.12,0.29,0.29,51.0,0.0
spec1d.vdgc6.022.gcA47.fits.gz,1.23,2292.99,2291.32,18.04,25.77,0.29,0.29,23.0,0.0
spec1d.vdgc6.023.gcA49.fits.gz,1.92,118572.83,118564.79,39.6,106.49,0.29,0.29,315.0,0.0
spec1d.vdgc6.023.serendip1.fits.gz,0.54,2141.26,2141.12,40.76,24.21,1.99,0.29,106.0,0.0
spec1d.vdgc6.023.serendip2.fits.gz,0.36,118694.07,118690.17,51.17,47.46,0.29,0.29,2.0,0.0
spec1d.vdgc6.024.gcN106.fits.gz,17.05,-49.93,-49.89,3.59,4.71,0.29,0.29,0.0,0.0
spec1d.vdgc6.025.gcN164.fits.gz,4.76,128.53,129.47,14.53,16.04,14.86,8.94,24.0,8.65
spec1d.vdgc6.026.gcN166.fits.gz,7.9,149.39,151.68,13.48,14.77,26.51,20.39,21.0,20.1
spec1d.vdgc6.027.gcN167.fits.gz,14.93,-27.59,-26.66,12.91,10.18,26.57,20.58,15.0,20.29
spec1d.vdgc6.028.gcN168.fits.gz,81.74,58.55,58.48,0.83,0.6,27.53,27.53,2.0,1.59
spec1d.vdgc6.029.gcN169.fits.gz,5.2,1254.33,1254.22,14.68,15.78,24.6,11.77,25.0,11.48
spec1d.vdgc6.030.gcN171.fits.gz,8.32,42.3,41.72,12.01,13.52,11.18,0.29,42.0,0.0
spec1d.vdgc6.030.serendip1.fits.gz,0.29,260192.55,260192.53,0.3,0.24,86.34,86.6,0.0,0.2
spec1d.vdgc6.031.gcN173.fits.gz,4.34,139.17,144.5,19.31,26.95,32.46,5.84,41.0,5.56
spec1d.vdgc6.031.serendip1.fits.gz,0.37,142969.6,142898.18,273.64,211.57,213.18,59.0,179.0,58.71
spec1d.vdgc6.032.gcN176.fits.gz,59.3,-8.0,-7.99,1.05,1.37,12.92,10.37,4.0,3.8
spec1d.vdgc6.033.gcN183.fits.gz,14.16,314.65,315.14,6.67,8.99,11.5,7.02,14.0,6.74
spec1d.vdgc6.033.serendip1.fits.gz,0.38,1257.19,1310.82,915.6,114.6,0.29,0.29,632.0,0.0
spec1d.vdgc6.033.serendip2.fits.gz,0.14,786.91,787.25,34.14,40.0,0.29,0.29,142.0,0.0
spec1d.vdgc6.034.gcN184.fits.gz,5.34,2281.51,2281.86,7.57,9.13,0.29,0.29,16.0,0.0
spec1d.vdgc6.035.gcN187.fits.gz,8.34,2303.03,2304.02,11.28,11.06,14.23,6.37,26.0,6.08
spec1d.vdgc6.035.serendip1.fits.gz,0.18,-479.58,-506.34,35.06,84.76,0.29,0.29,238.0,0.0
spec1d.vdgc6.036.gcN188.fits.gz,15.07,317.01,316.78,4.1,6.68,0.29,0.29,13.0,0.0
spec1d.vdgc6.037.gcN189.fits.gz,19.78,2286.45,2286.45,2.62,3.98,10.48,8.23,11.0,7.94
spec1d.vdgc6.038.gcN190.fits.gz,6.96,2246.3,2246.52,9.68,3.9,0.29,0.29,26.0,0.0
spec1d.vdgc6.039.gcN192.fits.gz,7.72,2304.1,2303.87,9.44,8.42,22.95,17.22,17.0,16.93
spec1d.vdgc6.040.gcN202.fits.gz,6.88,31.97,27.83,17.94,17.63,27.79,19.85,22.0,19.56
spec1d.vdgc6.041.gcN203.fits.gz,4.15,1416.42,1417.47,16.13,13.12,0.29,0.29,26.0,0.0
spec1d.vdgc6.041.serendip1.fits.gz,3.92,-18.13,-31.09,44.92,41.71,90.75,62.42,44.0,62.13
spec1d.vdgc6.041.serendip2.fits.gz,0.87,611.05,566.94,413.25,525.22,911.57,840.8,159.0,375.16
spec1d.vdgc6.042.gcN205.fits.gz,18.84,-143.93,-143.53,6.45,4.82,19.89,19.74,8.0,13.21
spec1d.vdgc6.043.gcN216.fits.gz,6.94,215.15,215.42,11.34,5.02,0.29,0.29,17.0,0.0
spec1d.vdgc6.044.gcN220.fits.gz,5.59,2.01,3.51,11.54,15.3,37.88,33.81,11.0,33.52
spec1d.vdgc6.044.serendip1.fits.gz,1.04,154.27,157.65,31.55,35.71,20.75,0.29,44.0,0.0
spec1d.vdgc6.045.gcN221.fits.gz,12.52,105.67,104.56,10.29,7.88,5.77,0.29,24.0,0.0
spec1d.vdgc6.046.gcN223.fits.gz,5.16,-144.13,-142.99,23.08,19.83,72.34,71.56,29.0,24.41
spec1d.vdgc6.047.gcN225.fits.gz,2.37,319.72,320.88,2.77,1.08,0.29,17.28,18.0,17.0
spec1d.vdgc6.047.serendip1.fits.gz,2.37,319.72,320.55,3.02,0.76,0.29,16.69,23.0,16.4
spec1d.vdgc6.048.gcN230.fits.gz,3.72,2079.05,2078.57,10.19,10.65,0.29,0.29,43.0,0.0
spec1d.vdgc6.048.serendip1.fits.gz,0.34,-246.75,-245.84,47.45,14.73,0.29,0.29,146.0,0.0
spec1d.vdgc6.049.gcN240.fits.gz,94.11,52.05,52.29,1.75,1.5,18.01,17.14,3.0,2.7
spec1d.vdgc6.051.vir313.fits.gz,59.87,133.75,133.92,3.14,3.07,0.29,0.29,0.0,0.0
spec1d.vdgc6.052.vir315.fits.gz,50.63,136.58,136.05,3.01,2.69,29.8,28.84,5.0,4.11
spec1d.vdgc6.053.vir316.fits.gz,65.45,209.5,209.34,1.81,1.67,20.99,19.75,3.0,2.73
spec1d.vdgc6.054.serendip1.fits.gz,1.2,125504.77,125504.34,20.43,19.87,0.29,0.29,40.0,0.0
spec1d.vdgc6.054.sgr389.fits.gz,15.82,64.37,60.72,10.68,8.49,50.1,45.2,9.0,9.43
spec1d.vdgc6.055.sgr390.fits.gz,14.06,117.58,120.94,9.22,12.92,48.52,48.11,14.0,13.02
spec1d.vdgc6.056.sgr410.fits.gz,18.33,-115.85,-116.16,6.0,6.37,9.05,1.81,20.0,1.52
spec1d.vdgc6.057.sgr415.fits.gz,10.15,19.52,18.3,13.6,12.65,25.99,21.16,15.0,20.87
spec1d.vdgc6.058.sgr416.fits.gz,10.93,6.75,2.22,14.03,9.65,36.47,31.03,31.0,30.74
spec1d.vdgc6.059.sgr417.fits.gz,6.84,32.74,33.11,8.96,8.73,0.29,0.29,12.0,0.0
spec1d.vdgc6.060.serendip1.fits.gz,0.68,212749.28,212786.96,421.26,524.63,1000.0,980.6,19.0,721.94
spec1d.vdgc6.060.sgr418.fits.gz,19.48,92.21,92.26,6.86,6.8,19.76,20.16,9.0,18.43
spec1d.vdgc6.061.sgr426.fits.gz,9.47,32.11,32.77,8.86,2.71,1.56,0.29,19.0,0.0
spec1d.vdgc6.062.mst515.fits.gz,0.46,174800.65,174803.49,43.41,24.93,0.29,0.29,100.0,0.0
spec1d.vdgc6.063.mst516.fits.gz,1.11,-116.24,-115.75,17.96,33.33,0.29,0.29,123.0,0.0
spec1d.vdgc6.064.mst520.fits.gz,3.6,-96.01,-95.63,34.09,13.64,5.63,0.29,49.0,0.0
spec1d.vdgc6.065.mst522.fits.gz,1.25,1415.03,1406.02,38.24,44.37,20.38,0.29,54.0,0.0
spec1d.vdgc6.066.mst534.fits.gz,1.17,-266.67,-262.83,32.96,25.92,0.29,0.29,359.0,0.0
spec1d.vdgc6.067.mst541.fits.gz,1.63,59921.01,60878.34,979.47,1587.71,1000.0,233.64,549.0,233.35
spec1d.vdgc6.067.serendip1.fits.gz,0.5,-1372.57,-1390.78,104.86,115.44,95.84,51.42,128.0,51.13
spec1d.vdgc6.068.mst546.fits.gz,1.3,-1814.0,-1808.18,46.24,37.03,0.29,0.29,161.0,0.0
spec1d.vdgc6.069.mst551.fits.gz,1.38,1267.74,1271.97,29.06,24.32,0.29,0.29,41.0,0.0
spec1d.vdgc6.070.mst558.fits.gz,1.12,2237.84,2235.9,61.52,59.39,0.29,69.03,247.0,68.75
spec1d.vdgc7.000.alg43.fits.gz,142.69,-45.57,-45.76,1.13,0.77,24.66,24.65,2.0,2.71
spec1d.vdgc7.001.alg47.fits.gz,245.16,295.44,295.4,0.72,0.62,0.29,0.29,0.0,0.0
spec1d.vdgc7.002.alg142.fits.gz,63.47,0.52,0.81,2.6,2.02,89.12,88.01,3.0,2.58
spec1d.vdgc7.003.alg147.fits.gz,89.66,-109.37,-110.44,3.51,2.03,450.12,451.54,2.0,2.2
spec1d.vdgc7.004.alg180.fits.gz,124.18,-37.34,-37.89,1.57,1.16,249.4,251.14,3.0,1.71
spec1d.vdgc7.005.alg197.fits.gz,72.3,209.74,210.05,2.26,2.03,310.94,313.03,5.0,2.81
spec1d.vdgc7.006.nuc5.fits.gz,25.85,1588.43,1588.32,2.74,3.51,51.47,50.47,5.0,3.89
spec1d.vdgc7.007.nuc6.fits.gz,233.12,2818.49,2818.5,0.42,0.44,76.05,75.99,1.0,0.71
spec1d.vdgc7.008.gcA8.fits.gz,8.05,1639.36,1633.92,15.76,23.49,43.04,38.16,16.0,37.87
spec1d.vdgc7.009.gcA9.fits.gz,4.31,1579.44,1576.77,20.61,37.44,21.6,8.22,32.0,7.93
spec1d.vdgc7.010.gcA13.fits.gz,7.49,239.11,238.73,6.43,15.89,0.29,0.29,28.0,0.0
spec1d.vdgc7.011.gcA15.fits.gz,29.2,115.5,114.98,15.15,10.33,734.35,743.25,35.0,12.56
spec1d.vdgc7.012.gcA18.fits.gz,2.45,780.86,788.95,214.72,151.21,260.78,167.23,327.0,166.95
spec1d.vdgc7.013.gcA19.fits.gz,2.25,604.65,618.16,74.22,114.08,121.89,117.06,88.0,110.55
spec1d.vdgc7.014.gcA20.fits.gz,2.22,-79.54,-79.03,17.41,12.89,0.29,0.29,34.0,0.0
spec1d.vdgc7.015.gcA23.fits.gz,3.12,1573.82,1571.27,55.88,55.23,62.53,33.61,58.0,33.33
spec1d.vdgc7.016.gcA28.fits.gz,1.45,194713.9,193849.44,143.09,204.82,648.2,246.02,119.0,199.54
spec1d.vdgc7.017.gcN77.fits.gz,16.58,100.52,98.76,1.9,2.23,0.3,0.3,0.0,0.0
spec1d.vdgc7.017.serendip1.fits.gz,8.83,1017.51,1008.12,6.2,10.27,60.26,61.77,3.0,8.2
spec1d.vdgc7.018.gcN79.fits.gz,15.42,104.31,105.03,6.5,462.86,114.9,122.25,878.0,9.65
spec1d.vdgc7.019.gcN86.fits.gz,1.3,195166.03,195169.99,25.18,23.12,0.29,0.29,0.0,0.0
spec1d.vdgc7.020.gcN88.fits.gz,6.61,61.25,57.0,24.31,29.61,101.16,95.43,22.0,35.97
spec1d.vdgc7.021.gcN106.fits.gz,116.18,96.23,96.43,0.7,0.84,25.95,25.54,2.0,1.67
spec1d.vdgc7.022.gcN110.fits.gz,5.62,194.16,193.87,11.82,12.78,0.29,0.29,30.0,0.0
spec1d.vdgc7.023.gcN114.fits.gz,4.82,281.88,280.68,11.81,10.98,0.29,0.29,16.0,0.0
spec1d.vdgc7.024.gcN119.fits.gz,4.87,165890.4,165859.15,28.79,28.44,0.29,28.18,49.0,27.89
spec1d.vdgc7.025.gcN135.fits.gz,3.03,99525.68,99503.83,85.89,184.72,159.7,67.65,142.0,67.37
spec1d.vdgc7.026.gcN139.fits.gz,6.16,63902.17,63923.68,12.72,5.71,0.29,0.29,0.0,0.0
spec1d.vdgc7.026.serendip1.fits.gz,0.5,22805.18,22803.05,11.67,13.87,0.29,0.29,0.0,0.0
spec1d.vdgc7.027.gcN141.fits.gz,10.05,446772.69,446783.19,51.88,29.34,1000.0,1000.0,0.0,0.0
spec1d.vdgc7.027.serendip1.fits.gz,2.66,16252.43,16367.18,338.28,358.32,772.29,743.28,257.0,360.46
spec1d.vdgc7.028.gcN142.fits.gz,51.06,36.8,36.44,1.78,1.66,23.61,23.25,4.0,5.15
spec1d.vdgc7.029.gcN143.fits.gz,22.99,95.82,95.59,3.71,4.65,13.84,8.69,9.0,8.4
spec1d.vdgc7.030.gcN149.fits.gz,4.9,323.03,327.94,29.67,36.4,71.22,69.81,27.0,43.97
spec1d.vdgc7.031.gcN151.fits.gz,4.57,108624.45,108648.3,24.12,17.58,66.97,47.4,22.0,17.07
spec1d.vdgc7.031.serendip1.fits.gz,0.59,-729.5,-707.5,203.07,164.71,253.03,170.65,207.0,170.36
spec1d.vdgc7.032.gcN153.fits.gz,3.71,59337.94,59409.35,1873.98,2061.2,156.32,40.74,605.0,40.45
spec1d.vdgc7.033.gcN155.fits.gz,8.62,114.05,117.67,18.04,16.83,42.72,36.12,14.0,23.89
spec1d.vdgc7.034.gcN158.fits.gz,4.37,204159.44,204159.44,0.0,0.0,86.15,86.15,0.0,0.0
spec1d.vdgc7.035.gcN160.fits.gz,8.33,2893.72,2893.66,7.24,6.72,0.29,0.29,10.0,0.0
spec1d.vdgc7.036.gcN164.fits.gz,12.43,2809.95,2809.4,6.95,8.02,15.97,11.28,18.0,11.0
spec1d.vdgc7.036.serendip1.fits.gz,0.67,-472.18,-487.56,58.64,61.66,59.05,29.8,73.0,29.51
spec1d.vdgc7.037.gcN165.fits.gz,3.65,185.56,236.96,158.3,154.61,83.58,58.73,249.0,58.44
spec1d.vdgc7.038.gcN168.fits.gz,5.83,2854.82,2854.35,6.42,11.84,0.29,0.29,30.0,0.0
spec1d.vdgc7.039.gcN169.fits.gz,9.42,97.82,98.0,10.63,10.64,0.29,0.29,6.0,0.0
spec1d.vdgc7.040.gcN172.fits.gz,10.81,99207.02,99207.75,10.58,10.5,1.82,0.29,38.0,0.0
spec1d.vdgc7.041.gcN184.fits.gz,54.88,294.86,294.73,2.2,2.07,0.29,0.29,0.0,0.0
spec1d.vdgc7.041.serendip1.fits.gz,0.49,-436.98,-446.19,105.84,60.35,57.82,26.5,54.0,26.21
spec1d.vdgc7.041.serendip2.fits.gz,0.69,211211.91,211212.19,0.03,0.06,86.19,86.31,0.0,0.19
spec1d.vdgc7.042.gcN190.fits.gz,1.35,189741.2,189754.24,54.45,31.16,150.77,160.82,18.0,34.98
spec1d.vdgc7.043.vir294.fits.gz,37.41,223.5,224.45,3.34,4.19,21.63,21.81,4.0,7.41
spec1d.vdgc7.044.vir297.fits.gz,51.05,37.79,37.13,2.56,2.2,43.47,42.48,3.0,3.44
spec1d.vdgc7.045.serendip1.fits.gz,0.52,6371.06,6370.59,81.07,784.04,0.29,0.29,608.0,0.0
spec1d.vdgc7.045.sgr359.fits.gz,4.79,183.87,183.95,9.87,15.69,0.29,0.29,40.0,0.0
spec1d.vdgc7.046.sgr373.fits.gz,11.09,143.1,142.52,6.13,12.86,0.29,1.22,22.0,0.93
spec1d.vdgc7.047.sgr374.fits.gz,5.33,-10.22,-1.26,28.54,47.59,36.37,10.48,54.0,10.19
spec1d.vdgc7.048.sgr376.fits.gz,15.97,193.5,192.54,10.49,10.47,62.73,64.38,13.0,22.28
spec1d.vdgc7.049.sgr382.fits.gz,3.39,3.3,2.71,18.19,16.28,0.29,0.29,25.0,0.0
spec1d.vdgc7.050.sgr385.fits.gz,5.63,210.46,210.05,14.69,20.22,0.29,0.29,18.0,0.0
spec1d.vdgc7.051.mst492.fits.gz,2.47,247184.53,247184.81,0.03,0.05,86.04,86.24,0.0,0.09
spec1d.vdgc7.051.serendip1.fits.gz,0.33,-2416.86,-2443.1,67.71,71.19,0.29,0.29,826.0,0.0
spec1d.vdgc7.052.mst518.fits.gz,3.76,109.65,132.0,103.51,83.47,186.23,175.76,136.0,142.26
spec1d.vdgc7.053.mst519.fits.gz,1.42,250713.35,250713.51,0.06,0.08,86.2,86.4,0.0,0.08
spec1d.vdgc7.054.mst523.fits.gz,1.39,-481.44,-480.57,40.66,50.09,114.0,102.0,29.0,47.94
spec1d.vdgc7.055.mst534.fits.gz,3.35,261331.47,261369.06,64.48,80.61,86.47,26.99,98.0,26.7
spec1d.vdgc7.056.mst536.fits.gz,0.68,-216.92,-217.57,25.58,34.41,29.27,0.29,38.0,0.0
spec1d.vdgc7.057.mst539.fits.gz,0.67,-2394.39,-2370.24,107.37,90.46,80.75,17.73,105.0,17.44
spec1d.vdgc7.058.mst545.fits.gz,1.04,-1957.41,-1956.33,38.92,72.08,61.94,53.77,50.0,53.48
spec1d.vdgc7.058.serendip1.fits.gz,4.38,38.96,38.97,8.69,8.48,0.29,0.29,13.0,0.0
spec1d.vdgc7.059.mst560.fits.gz,1.05,196890.68,196882.54,234.52,136.17,1000.0,982.31,18.0,257.97
spec1d.vdgc7.060.serendip1.fits.gz,0.12,-2080.51,-3178.79,1157.34,901.72,1000.0,840.59,159.0,840.31
spec1d.vdgc7.061.mst567.fits.gz,0.99,262473.63,263015.64,1027.48,687.44,1000.0,1000.0,0.0,569.2
spec1d.vdgc7.061.serendip1.fits.gz,0.81,223931.77,223929.87,808.29,90.45,0.29,0.29,768.0,0.0
spec1d.vdgc7.062.mst578.fits.gz,3.89,213.2,213.85,56.08,73.02,9.2,12.77,67.0,12.48
spec1d.vdgc7.063.mst606.fits.gz,1.24,2447.96,2441.3,74.46,76.11,116.15,109.45,46.0,86.97
spec1d.vdgc7.064.mst612.fits.gz,2.5,2366.45,2386.92,75.42,104.78,72.69,0.29,75.0,0.0
spec1d.vdgc7.064.serendip1.fits.gz,0.46,1950.68,1947.67,834.65,1996.99,0.29,0.29,664.0,0.0
spec1d.vdgc7.065.mst630.fits.gz,0.66,226741.51,226741.51,0.27,0.0,85.87,85.87,0.0,0.0
spec1d.vdgc8.000.alg46.fits.gz,71.07,23.46,23.11,1.66,1.66,69.08,68.84,3.0,2.74
spec1d.vdgc8.001.alg51.fits.gz,40.25,-17.67,-17.26,3.03,3.26,86.18,86.26,4.0,4.62
spec1d.vdgc8.002.alg82.fits.gz,43.08,41.9,41.78,3.31,2.61,83.12,83.89,4.0,5.53
spec1d.vdgc8.003.alg91.fits.gz,117.26,8.69,8.08,1.54,1.62,149.54,150.13,2.0,1.63
spec1d.vdgc8.004.alg113.fits.gz,68.6,-93.17,-93.12,4.42,4.9,326.2,329.16,5.0,4.79
spec1d.vdgc8.005.nuc5.fits.gz,41.73,671.36,671.69,2.02,2.15,78.17,77.4,3.0,3.34
spec1d.vdgc8.006.nuc6.fits.gz,109.99,591.11,591.08,0.69,0.67,71.74,71.81,1.0,0.98
spec1d.vdgc8.007.nuc7.fits.gz,22.34,1697.96,1699.05,4.92,6.33,12.15,11.1,15.0,10.81
spec1d.vdgc8.007.serendip1.fits.gz,9.17,1691.44,1689.42,13.6,15.35,22.47,18.73,23.0,18.44
spec1d.vdgc8.007.serendip2.fits.gz,4.48,215614.53,215665.86,179.07,158.2,540.12,526.45,98.0,132.83
spec1d.vdgc8.008.serendip1.fits.gz,0.0,2178.88,2178.92,7.5,8.29,0.29,0.29,11.0,0.0
spec1d.vdgc8.009.gcA11.fits.gz,5.52,530.63,517.08,60.67,91.66,263.66,274.34,76.0,73.06
spec1d.vdgc8.010.gcA12.fits.gz,4.18,764.94,765.44,33.83,33.54,89.12,81.11,32.0,34.91
spec1d.vdgc8.011.gcA13.fits.gz,2.94,195837.93,195504.54,240.83,576.71,299.65,326.44,243.0,307.09
spec1d.vdgc8.012.gcA18.fits.gz,3.59,691.34,686.75,27.44,23.34,54.08,49.84,25.0,35.41
spec1d.vdgc8.013.gcA20.fits.gz,2.13,1428.55,1409.2,128.03,370.29,204.66,234.13,279.0,114.13
spec1d.vdgc8.014.gcA21.fits.gz,1.53,701.77,702.89,125.78,198.08,180.77,185.48,178.0,155.38
spec1d.vdgc8.015.gcA23.fits.gz,5.13,681.72,680.8,8.95,17.81,0.29,0.29,121.0,0.0
spec1d.vdgc8.016.gcA26.fits.gz,4.31,694.63,694.33,26.21,24.96,52.33,46.42,30.0,20.79
spec1d.vdgc8.017.gcA27.fits.gz,3.69,697.28,692.1,15.81,9.05,18.97,1.45,40.0,1.16
spec1d.vdgc8.018.gcA29.fits.gz,16.79,622.1,622.79,5.38,6.34,25.84,22.32,10.0,10.01
spec1d.vdgc8.019.gcA30.fits.gz,14.14,660.2,660.28,3.96,5.44,0.29,0.29,21.0,0.0
spec1d.vdgc8.020.gcA32.fits.gz,5.54,623.53,622.18,9.53,10.4,0.29,0.29,16.0,0.0
spec1d.vdgc8.021.gcA35.fits.gz,10.4,570.1,571.26,9.73,9.24,55.02,52.5,15.0,13.25
spec1d.vdgc8.022.gcA38.fits.gz,24.85,624.26,624.22,2.95,3.13,33.63,32.01,6.0,4.83
spec1d.vdgc8.023.gcA40.fits.gz,2.83,311.35,306.31,42.91,40.22,75.26,61.79,77.0,61.5
spec1d.vdgc8.024.gcA43.fits.gz,2.29,194816.78,194816.08,34.2,44.6,0.29,0.29,22.0,0.0
spec1d.vdgc8.025.gcA46.fits.gz,0.55,-274.84,-258.77,799.8,111.91,0.29,0.29,588.0,0.0
spec1d.vdgc8.026.gcA48.fits.gz,1.21,217831.42,217831.42,0.18,0.23,86.01,86.01,0.0,0.09
spec1d.vdgc8.027.gcA49.fits.gz,1.58,88736.44,88783.38,825.41,1333.92,101.62,60.74,540.0,60.46
spec1d.vdgc8.028.gcA50.fits.gz,14.95,568.02,567.75,6.68,6.12,51.96,51.42,9.0,6.05
spec1d.vdgc8.029.gcA57.fits.gz,0.3,1431.15,1431.14,31.15,34.17,0.29,0.29,91.0,0.0
spec1d.vdgc8.030.gcN104.fits.gz,81.91,242.05,241.96,1.38,1.02,33.34,33.62,2.0,1.97
spec1d.vdgc8.031.gcN106.fits.gz,70.81,-13.86,-14.24,1.4,1.39,19.57,19.07,4.0,3.3
spec1d.vdgc8.032.gcN123.fits.gz,10.47,315.59,315.42,6.52,9.46,0.29,0.29,20.0,0.0
spec1d.vdgc8.032.serendip1.fits.gz,10.1,315.98,315.89,4.71,5.42,0.29,0.29,27.0,0.0
spec1d.vdgc8.033.gcN126.fits.gz,15.17,-67.02,-66.76,6.56,9.61,53.89,53.24,11.0,12.05
spec1d.vdgc8.034.gcN130.fits.gz,29.43,37.45,36.5,3.59,3.57,33.7,33.27,6.0,5.19
spec1d.vdgc8.035.gcN136.fits.gz,5.49,720.51,721.34,24.36,28.81,44.27,39.97,28.0,35.2
spec1d.vdgc8.036.gcN141.fits.gz,5.79,281.31,281.12,7.34,8.53,0.29,0.29,16.0,0.0
spec1d.vdgc8.037.gcN149.fits.gz,15.18,574.2,574.43,4.84,6.26,0.29,0.29,19.0,0.0
spec1d.vdgc8.037.serendip1.fits.gz,0.2,-423.61,-422.78,34.73,42.89,0.29,14.15,96.0,13.86
spec1d.vdgc8.037.serendip2.fits.gz,0.57,140990.13,141105.36,786.93,254.92,1000.0,1000.0,0.0,0.0
spec1d.vdgc8.038.gcN150.fits.gz,6.65,1444.57,1441.85,15.74,16.22,32.47,32.96,22.0,22.75
spec1d.vdgc8.038.serendip1.fits.gz,0.28,-484.63,-481.7,45.74,34.01,10.57,18.68,44.0,18.39
spec1d.vdgc8.039.serendip1.fits.gz,0.26,-2000.0,-2013.5,121.49,72.33,35.64,0.29,462.0,0.0
spec1d.vdgc8.040.gcN168.fits.gz,58.73,102.89,102.73,1.73,1.43,32.13,32.08,2.0,3.11
spec1d.vdgc8.041.gcN172.fits.gz,2.17,1421.77,1405.05,111.7,177.01,632.07,643.15,206.0,128.53
spec1d.vdgc8.041.serendip1.fits.gz,0.16,2658.28,2659.21,62.14,25.8,0.29,0.29,191.0,0.0
spec1d.vdgc8.042.gcN188.fits.gz,16.44,185.79,186.02,5.73,4.78,0.29,0.29,1.0,0.0
spec1d.vdgc8.043.gcN197.fits.gz,38.04,24.86,25.42,2.03,2.51,0.29,0.29,0.0,0.0
spec1d.vdgc8.044.vir322.fits.gz,43.07,-185.03,-184.93,3.36,2.77,28.77,28.65,4.0,5.19
spec1d.vdgc8.045.vir324.fits.gz,34.48,84.28,84.2,3.38,4.04,48.64,47.19,5.0,3.18
spec1d.vdgc8.046.serendip1.fits.gz,0.3,-2503.06,-4503.06,4000.0,0.0,685.37,1000.0,0.0,89.53
spec1d.vdgc8.046.vir325.fits.gz,19.59,160.5,160.85,5.3,7.2,35.38,34.58,7.0,9.51
spec1d.vdgc8.047.vir332.fits.gz,14.25,-697.52,-700.56,43.75,29.27,1000.0,1000.0,0.0,0.0
spec1d.vdgc8.048.vir333.fits.gz,41.59,177.23,177.63,2.45,1.97,0.29,0.29,0.0,0.0
spec1d.vdgc8.049.vir334.fits.gz,21.7,82.1,81.37,9.66,10.13,62.42,61.53,22.0,20.16
spec1d.vdgc8.050.serendip1.fits.gz,0.52,-252.18,-247.04,29.26,22.31,0.29,0.29,80.0,0.0
spec1d.vdgc8.050.sgr395.fits.gz,7.62,-28.38,-27.53,21.02,16.55,22.69,0.63,31.0,0.34
spec1d.vdgc8.051.sgr403.fits.gz,16.3,248.71,247.84,8.74,6.17,24.71,21.62,9.0,19.09
spec1d.vdgc8.052.sgr405.fits.gz,15.72,-41.1,-41.3,3.83,5.59,0.29,0.29,16.0,0.0
spec1d.vdgc8.053.serendip1.fits.gz,0.53,-589.38,-617.31,82.56,149.48,106.71,75.26,146.0,74.97
spec1d.vdgc8.053.sgr415.fits.gz,8.52,39.42,40.45,12.86,9.26,0.29,0.29,13.0,0.0
spec1d.vdgc8.054.sgr429.fits.gz,4.21,-9.89,-6.88,28.35,26.56,77.51,73.74,38.0,34.04
spec1d.vdgc8.055.sgr435.fits.gz,5.09,40.14,46.31,41.32,33.03,87.15,82.86,32.0,27.25
spec1d.vdgc8.056.serendip1.fits.gz,0.17,995.33,995.07,24.38,25.58,0.29,0.29,65.0,0.0
spec1d.vdgc8.056.sgr437.fits.gz,4.21,-13.64,-14.42,16.17,21.97,0.29,0.29,53.0,0.0
spec1d.vdgc8.057.sgr438.fits.gz,3.94,2.11,1.47,13.52,19.11,0.29,0.29,52.0,0.0
spec1d.vdgc8.058.sgr448.fits.gz,5.54,13.55,13.09,12.25,7.72,0.29,0.29,17.0,0.0
spec1d.vdgc8.059.sgr452.fits.gz,5.44,-30.62,-34.93,20.39,12.59,0.29,0.29,42.0,0.0
spec1d.vdgc8.060.serendip1.fits.gz,0.3,1095.11,1081.05,111.73,102.09,264.24,245.32,78.0,134.85
spec1d.vdgc8.060.sgr455.fits.gz,13.16,351.49,351.72,7.84,9.81,0.29,0.29,0.0,0.0
spec1d.vdgc8.061.mst517.fits.gz,1.56,-31.76,-30.59,26.52,21.48,10.5,2.32,52.0,2.04
spec1d.vdgc8.062.mst519.fits.gz,3.58,121.03,108.26,157.15,95.48,192.97,165.33,98.0,153.15
spec1d.vdgc8.063.mst529.fits.gz,0.8,2520.73,2420.33,597.12,681.57,1000.0,788.12,212.0,452.91
spec1d.vdgc8.064.mst531.fits.gz,1.83,3.32,2.65,11.94,14.0,0.29,0.29,13.0,0.0
spec1d.vdgc8.064.serendip1.fits.gz,3.46,-504.23,-573.09,24.79,14.39,172.48,0.29,14.0,0.0
spec1d.vdgc8.065.mst532.fits.gz,3.68,40.0,42.23,28.92,15.04,0.29,0.29,125.0,0.0
spec1d.vdgc8.066.mst561.fits.gz,0.92,-408.62,-419.61,29.29,50.12,0.29,0.29,182.0,0.0
spec1d.vdgc8.066.serendip1.fits.gz,0.39,1155.78,1174.97,167.45,140.68,197.86,168.49,113.0,168.2
spec1d.vdgc9B.000.alg62.fits.gz,28.95,1107.35,1096.5,88.8,102.12,1000.0,1000.0,0.0,0.0
spec1d.vdgc9B.001.alg81.fits.gz,55.78,48.65,49.36,3.62,4.32,386.25,387.95,8.0,3.17
spec1d.vdgc9B.002.alg86.fits.gz,59.88,-9.46,-9.34,2.55,2.09,82.33,82.17,2.0,3.91
spec1d.vdgc9B.003.alg91.fits.gz,123.91,17.78,18.0,0.67,0.64,86.9,87.03,1.0,0.71
spec1d.vdgc9B.004.alg111.fits.gz,139.3,-61.55,-61.89,1.21,1.29,336.24,337.63,1.0,1.24
spec1d.vdgc9B.005.alg121.fits.gz,127.09,-9.85,-9.92,1.15,1.03,86.58,86.97,1.0,1.32
spec1d.vdgc9B.006.nuc6.fits.gz,7.79,1707.1,1703.07,23.89,16.33,100.78,98.6,62.0,27.69
spec1d.vdgc9B.007.gcA8.fits.gz,27.1,-85.68,-85.29,5.2,6.54,23.04,20.84,8.0,13.27
spec1d.vdgc9B.008.gcA9.fits.gz,6.21,1063.64,1063.58,17.02,13.66,33.52,30.58,17.0,30.29
spec1d.vdgc9B.009.gcA11.fits.gz,5.41,692.42,691.88,17.09,17.09,9.05,0.29,39.0,0.0
spec1d.vdgc9B.009.serendip1.fits.gz,0.16,4085.14,4420.79,601.0,437.59,547.35,348.56,436.0,348.27
spec1d.vdgc9B.010.gcA12.fits.gz,3.74,195859.06,195858.34,10.16,16.81,0.29,0.29,59.0,0.0
spec1d.vdgc9B.011.gcA13.fits.gz,3.39,738.26,738.58,14.83,23.89,22.16,15.58,31.0,15.29
spec1d.vdgc9B.011.serendip1.fits.gz,0.37,1196.75,1148.73,205.57,303.09,299.86,167.38,231.0,167.09
spec1d.vdgc9B.012.gcA14.fits.gz,1.93,506.0,498.83,53.06,91.77,38.67,22.39,69.0,22.1
spec1d.vdgc9B.012.serendip1.fits.gz,1.53,1065.86,1041.13,114.05,157.13,235.12,220.29,137.0,116.31
spec1d.vdgc9B.013.gcA23.fits.gz,7.84,678.47,676.25,9.07,8.55,20.57,20.43,29.0,20.14
spec1d.vdgc9B.013.serendip1.fits.gz,0.1,694.23,673.59,96.87,70.62,67.25,26.53,100.0,26.24
spec1d.vdgc9B.014.gcA26.fits.gz,3.55,727.72,726.47,10.47,16.27,6.73,0.29,35.0,0.0
spec1d.vdgc9B.015.gcA29.fits.gz,16.36,654.44,653.13,8.59,5.61,20.1,19.77,12.0,19.48
spec1d.vdgc9B.016.gcA30.fits.gz,13.65,677.71,677.76,7.38,6.75,6.11,5.64,18.0,5.35
spec1d.vdgc9B.017.gcA31.fits.gz,3.3,598.6,598.0,18.33,33.37,0.29,0.29,117.0,0.0
spec1d.vdgc9B.018.gcA34.fits.gz,2.97,194907.61,195076.2,450.83,560.15,422.82,66.04,653.0,65.75
spec1d.vdgc9B.019.gcA38.fits.gz,3.1,1063.08,1063.07,21.69,13.93,0.29,0.29,28.0,0.0
spec1d.vdgc9B.020.gcA43.fits.gz,2.22,124396.71,124374.94,62.0,43.5,36.27,0.29,41.0,0.0
spec1d.vdgc9B.021.gcN121.fits.gz,4.88,1694.46,1694.88,21.75,21.7,35.7,30.97,26.0,30.68
spec1d.vdgc9B.022.gcN122.fits.gz,15.88,322.9,322.89,7.02,4.12,0.29,0.29,10.0,0.0
spec1d.vdgc9B.023.gcN123.fits.gz,2.71,65036.3,64743.87,261.08,222.49,644.52,730.23,124.0,102.42
spec1d.vdgc9B.023.serendip1.fits.gz,0.47,755.9,755.18,178.09,114.22,0.29,14.71,938.0,14.42
spec1d.vdgc9B.024.gcN124.fits.gz,27.3,137.03,137.11,4.23,3.57,36.68,36.71,4.0,3.8
spec1d.vdgc9B.025.gcN125.fits.gz,14.56,220.11,220.09,5.26,4.95,0.29,0.29,14.0,0.0
spec1d.vdgc9B.025.serendip1.fits.gz,7.91,54231.56,54210.6,52.83,16.91,0.29,0.29,926.0,0.0
spec1d.vdgc9B.026.gcN126.fits.gz,37.59,149.31,149.62,2.53,2.61,26.88,27.01,4.0,3.0
spec1d.vdgc9B.027.gcN131.fits.gz,5.72,211.07,215.36,16.07,16.97,21.63,22.72,22.0,22.43
spec1d.vdgc9B.028.gcN132.fits.gz,6.12,230.92,232.89,8.43,9.93,0.29,0.29,8.0,0.0
spec1d.vdgc9B.029.gcN135.fits.gz,9.25,31.35,29.67,19.06,17.13,23.45,12.91,41.0,12.63
spec1d.vdgc9B.030.gcN136.fits.gz,9.81,132.44,132.39,9.8,7.62,20.44,19.48,17.0,19.2
spec1d.vdgc9B.032.gcN139.fits.gz,27.64,88.47,88.12,4.41,3.65,35.52,35.24,5.0,3.02
spec1d.vdgc9B.033.gcN140.fits.gz,85.54,-22.59,-22.55,0.71,0.99,14.92,14.81,2.0,2.15
spec1d.vdgc9B.034.gcN143.fits.gz,45.61,178.22,178.04,1.23,1.73,0.29,0.29,7.0,0.0
spec1d.vdgc9B.035.gcN144.fits.gz,7.18,-20.57,-22.13,8.15,11.69,0.29,0.29,17.0,0.0
spec1d.vdgc9B.036.gcN151.fits.gz,4.74,114.55,110.17,26.73,40.98,58.27,34.85,38.0,34.56
spec1d.vdgc9B.037.gcN154.fits.gz,4.33,243.88,243.95,9.83,12.92,0.29,10.63,35.0,10.34
spec1d.vdgc9B.038.gcN156.fits.gz,11.69,293.63,294.28,5.87,5.42,0.29,0.29,0.0,0.0
spec1d.vdgc9B.038.serendip1.fits.gz,1.13,140192.8,140189.52,12.34,27.5,0.29,0.29,69.0,0.0
spec1d.vdgc9B.039.gcN159.fits.gz,16.99,-83.01,-83.1,6.89,7.03,21.26,20.52,13.0,13.56
spec1d.vdgc9B.040.gcN171.fits.gz,3.43,33.26,32.86,16.53,18.52,18.45,0.29,35.0,0.0
spec1d.vdgc9B.041.gcN172.fits.gz,5.15,7.05,-4.5,36.99,44.68,65.62,56.13,56.0,55.85
spec1d.vdgc9B.042.serendip1.fits.gz,3.01,139836.47,139836.61,46.46,76.24,191.29,191.42,20.0,56.65
spec1d.vdgc9B.042.vir288.fits.gz,30.94,125.95,126.15,3.79,3.96,48.43,46.57,3.0,3.15
spec1d.vdgc9B.043.vir289.fits.gz,64.32,165.95,165.99,1.81,1.7,30.26,29.82,3.0,3.03
spec1d.vdgc9B.044.vir290.fits.gz,24.53,127.8,128.36,5.51,4.23,43.76,43.38,7.0,6.7
spec1d.vdgc9B.045.vir294.fits.gz,42.12,64.94,64.84,3.6,3.17,22.67,22.79,5.0,5.38
spec1d.vdgc9B.046.vir295.fits.gz,45.19,171.09,171.07,2.97,3.4,18.31,15.99,5.0,4.66
spec1d.vdgc9B.047.vir296.fits.gz,37.89,70.22,70.49,4.99,5.29,66.18,63.87,6.0,6.06
spec1d.vdgc9B.048.vir302.fits.gz,66.12,-100.8,-100.81,1.92,2.08,0.29,0.29,6.0,0.0
spec1d.vdgc9B.049.sgr375.fits.gz,16.88,-1.98,-1.38,8.59,7.96,17.6,14.95,12.0,14.67
spec1d.vdgc9B.050.sgr377.fits.gz,4.9,24.29,22.0,18.77,25.02,31.25,11.97,28.0,11.69
spec1d.vdgc9B.051.serendip1.fits.gz,2.49,79509.7,80218.54,180.01,299.71,619.38,1000.0,0.0,152.76
spec1d.vdgc9B.051.sgr382.fits.gz,19.85,19.12,19.41,7.42,6.44,12.72,9.62,16.0,9.34
spec1d.vdgc9B.052.sgr383.fits.gz,8.29,135.04,137.61,16.08,10.33,11.62,4.9,26.0,4.61
spec1d.vdgc9B.053.sgr387.fits.gz,5.04,-16.2,-18.1,30.83,29.15,27.87,11.38,28.0,11.09
spec1d.vdgc9B.054.sgr388.fits.gz,4.14,218.96,221.56,12.41,10.06,0.29,0.29,8.0,0.0
spec1d.vdgc9B.055.sgr389.fits.gz,5.67,42.93,40.39,25.06,24.82,60.96,53.95,21.0,26.15
spec1d.vdgc9B.056.sgr391.fits.gz,8.77,58.13,58.88,21.49,14.05,39.61,27.85,21.0,27.56
spec1d.vdgc9B.057.serendip1.fits.gz,3.37,150583.21,150579.86,21.53,26.08,0.29,0.29,92.0,0.0
spec1d.vdgc9B.057.sgr404.fits.gz,3.97,1194.11,1201.52,18.98,40.23,0.29,0.29,16.0,0.0
spec1d.vdgc9B.058.mst509.fits.gz,0.94,1721.46,1743.84,69.19,94.06,79.27,43.58,70.0,43.29
spec1d.vdgc9B.058.serendip1.fits.gz,1.4,195922.65,195903.64,154.69,151.0,265.69,258.31,129.0,134.2
spec1d.vdgc9B.059.mst514.fits.gz,1.15,-421.69,-424.83,16.53,18.72,0.29,0.29,33.0,0.0
spec1d.vdgc9B.060.mst524.fits.gz,2.33,-37.14,123.3,584.09,347.84,1000.0,1000.0,0.0,169.67
spec1d.vdgc9B.061.mst526.fits.gz,3.25,12.03,7.35,34.27,40.6,50.62,22.91,36.0,22.62
spec1d.vdgc9B.062.gcA16.fits.gz,3.12,679.87,682.48,16.49,19.83,50.81,41.69,31.0,41.4
spec1d.vdgc9B.063.gcA18.fits.gz,4.42,640.86,648.77,29.29,24.79,86.44,80.16,27.0,49.74
spec1d.vdgc9B.064.gcA21.fits.gz,4.65,663.93,663.36,9.12,9.14,0.29,0.29,40.0,0.0
spec1d.vdgc9B.065.gcA27.fits.gz,5.26,612.66,619.21,32.21,22.54,34.45,21.59,35.0,21.3
spec1d.vdgc9B.066.gcN138.fits.gz,104.53,252.42,252.41,0.99,1.2,18.58,18.17,2.0,1.99
